1 1 5 2 3 13 14 17
2 2 4 6 13 17 20
3 3 4 5 8 9 14
4 4 3 7 19 20
5 5 3 1 14 16
6 6 3 5 8 17
7 7 7 1 2 7 8 10 11 17
8 8 3 8 14 19
9 9 7 4 9 10 11 12 17 19
10 10 3 1 11 18
11 11 7 1 2 4 6 10 16 19
12 12 5 3 4 7 13 20
13 13 2 7 10
14 14 2 1 13
15 15 4 3 14 15 20
16 16 2 3 18
17 17 3 12 14 20
18 18 4 8 9 10 19
19 19 6 5 6 7 8 9 18
20 20 5 2 9 10 11 17
21 21 5 1 2 12 13 17
22 22 3 10 12 19
23 23 2 7 15
24 24 6 3 4 7 11 13 14
25 25 6 5 11 13 15 16 19
26 26 3 13 15 18
27 27 4 1 8 11 16
28 28 2 13 15
29 29 5 7 12 15 16 19
30 30 5 4 6 7 10 19
31 31 7 1 4 11 13 16 18 20
32 32 7 3 4 9 11 12 19 20
33 33 3 8 11 19
34 34 7 6 7 9 11 13 15 16
35 35 6 4 10 12 16 18 20
36 36 5 2 3 4 9 17
37 37 2 3 18
38 38 5 9 10 11 12 13
39 39 6 2 3 4 6 12 17
40 40 3 8 16 17
41 41 7 1 2 3 4 6 16 20
42 42 4 3 6 7 14
43 43 4 2 3 5 9
44 44 5 2 4 6 9 14
45 45 3 2 12 17
46 46 6 1 3 5 7 10 19
47 47 7 5 6 7 8 9 11 13
48 48 6 1 4 7 8 17 20
49 49 5 2 6 8 17 19
50 50 7 3 5 6 8 9 15 17
51 51 6 1 2 3 4 5 20
52 52 6 7 8 14 15 18 20
53 53 7 4 5 8 16 17 18 20
54 54 3 6 8 16
55 55 3 12 15 16
56 56 5 1 4 7 11 13
57 57 5 2 4 8 17 18
58 58 6 4 7 14 15 17 20
59 59 3 5 6 15
60 60 5 4 12 17 18 20
61 61 4 1 9 13 15
62 62 2 4 14
63 63 5 10 13 14 16 17
64 64 6 4 6 11 15 16 19
65 65 5 3 14 16 17 20
66 66 7 2 6 7 9 12 16 20
67 67 5 1 8 13 17 20
68 68 3 1 3 8
69 69 7 1 2 10 12 16 18 20
70 70 2 7 15
71 71 4 5 7 13 15
72 72 4 6 8 11 12
73 73 7 1 4 6 14 15 17 18
74 74 2 5 7
75 75 3 5 8 12
76 76 2 9 10
77 77 5 4 14 15 18 19
78 78 6 1 2 5 6 8 10
79 79 4 2 8 14 17
80 80 7 1 6 7 10 14 19 20
81 81 4 6 17 19 20
82 82 3 2 8 17
83 83 6 5 6 7 13 17 19
84 84 7 3 7 8 9 12 16 20
85 85 5 8 12 14 18 19
86 86 4 2 7 9 13
87 87 6 1 3 6 12 18 20
88 88 7 2 9 15 16 18 19 20
89 89 6 1 5 11 12 14 15
90 90 3 4 13 17
91 91 7 1 4 6 9 12 19 20
92 92 4 5 6 19 20
93 93 3 14 16 19
94 94 4 6 11 13 18
95 95 7 2 3 7 8 10 12 19
96 96 4 6 7 16 20
97 97 5 2 14 15 18 19
98 98 5 6 13 14 17 18
99 99 3 2 7 14
100 100 5 2 5 10 14 20
101 101 6 1 6 10 11 19 20
102 102 2 13 19
103 103 6 2 4 5 8 13 18
104 104 2 5 19
105 105 6 2 3 4 14 19 20
106 106 2 4 7
107 107 4 2 7 8 11
108 108 5 1 7 9 13 16
109 109 2 12 17
110 110 4 1 3 13 19
111 111 2 7 14
112 112 5 4 10 11 17 19
113 113 2 5 12
114 114 7 1 3 4 7 8 11 16
115 115 5 5 8 12 19 20
116 116 6 1 2 3 8 14 17
117 117 7 3 4 7 11 13 19 20
118 118 5 1 10 12 14 19
119 119 2 7 11
120 120 7 1 7 11 13 14 17 19
121 121 3 7 10 20
122 122 3 1 4 19
123 123 7 2 7 8 12 13 17 19
124 124 2 2 20
125 125 5 3 11 15 16 17
126 126 6 5 6 10 14 16 17
127 127 6 2 4 6 7 9 14
128 128 7 5 8 9 10 13 19 20
129 129 6 2 4 5 10 13 20
130 130 2 17 18
131 131 7 2 3 4 6 9 11 14
132 132 3 1 3 7
133 133 3 1 3 13
134 134 4 1 9 12 16
135 135 4 5 7 11 19
136 136 7 5 9 10 15 16 18 19
137 137 7 1 6 9 12 16 18 19
138 138 6 2 7 10 15 18 19
139 139 3 5 11 17
140 140 6 4 8 10 12 18 19
141 141 4 8 13 16 17
142 142 6 3 4 7 13 17 19
143 143 4 7 13 14 17
144 144 2 12 17
145 145 5 4 12 13 15 18
146 146 6 1 2 9 15 19 20
147 147 2 4 19
148 148 5 2 4 11 14 15
149 149 3 4 16 19
150 150 6 2 3 5 12 16 18
151 151 3 4 12 17
152 152 5 3 4 5 8 10
153 153 4 6 10 18 20
154 154 2 4 18
155 155 5 6 7 10 12 16
156 156 5 5 9 15 17 20
157 157 5 2 7 14 15 18
158 158 3 9 13 18
159 159 2 8 11
160 160 2 7 19
161 161 2 10 19
162 162 2 2 6
163 163 5 4 9 13 17 20
164 164 7 2 4 5 13 14 18 19
165 165 7 3 4 7 14 18 19 20
166 166 5 1 3 4 6 16
167 167 4 7 8 10 12
168 168 5 1 5 14 17 18
169 169 7 2 5 8 10 11 13 16
170 170 3 14 15 19
171 171 2 4 10
172 172 4 2 4 16 17
173 173 7 1 3 5 6 9 18 19
174 174 3 13 16 20
175 175 5 7 9 15 16 17
176 176 6 4 13 14 18 19 20
177 177 4 3 4 10 15
178 178 4 4 6 13 16
179 179 2 12 15
180 180 2 17 19
181 181 5 13 16 17 18 20
182 182 4 2 4 7 17
183 183 4 1 6 16 17
184 184 4 2 7 8 20
185 185 2 4 11
186 186 6 10 11 12 13 16 18
187 187 2 3 9
188 188 3 11 18 20
189 189 6 9 11 13 14 16 20
190 190 2 11 15
191 191 5 5 11 14 16 19
192 192 3 3 7 13
193 193 4 3 5 6 12
194 194 7 2 3 8 10 12 13 19
195 195 5 5 8 11 15 19
196 196 2 2 6
197 197 4 6 8 12 19
198 198 5 3 6 8 11 17
199 199 4 1 2 5 9
200 200 4 3 9 11 14
201 201 3 4 14 15
202 202 5 9 10 15 19 20
203 203 3 6 16 18
204 204 7 4 5 6 7 8 11 18
205 205 4 5 9 19 20
206 206 5 1 2 3 15 19
207 207 4 7 14 18 20
208 208 6 3 4 8 9 10 15
209 209 4 4 6 9 13
210 210 5 3 4 12 18 19
211 211 6 4 10 12 13 15 20
212 212 2 3 15
213 213 3 2 9 20
214 214 5 9 11 14 19 20
215 215 7 2 3 4 6 7 13 16
216 216 6 3 7 10 16 17 19
217 217 3 10 15 16
218 218 6 9 11 12 15 16 18
219 219 5 1 6 14 15 17
220 220 7 4 7 11 15 16 18 20
221 221 5 9 10 12 17 19
222 222 7 1 3 12 13 15 17 18
223 223 5 2 3 6 12 16
224 224 6 4 6 7 13 16 20
225 225 5 2 8 13 14 15
226 226 3 3 6 16
227 227 6 2 7 8 10 14 15
228 228 6 5 7 13 14 18 20
229 229 4 2 5 9 17
230 230 3 1 12 20
231 231 3 5 10 19
232 232 5 2 7 12 13 17
233 233 7 6 8 10 11 12 13 15
234 234 3 3 5 7
235 235 7 8 11 12 14 15 18 19
236 236 6 3 7 11 13 14 17
237 237 6 5 6 9 13 14 15
238 238 7 1 2 3 5 6 15 18
239 239 5 1 8 9 16 19
240 240 5 2 3 5 11 18
241 241 2 3 19
242 242 6 1 4 7 11 16 18
243 243 7 1 7 8 10 14 17 18
244 244 4 1 9 16 20
245 245 2 2 19
246 246 2 1 9
247 247 6 5 9 11 12 16 17
248 248 5 7 8 9 13 20
249 249 2 8 9
250 250 7 1 8 10 12 17 18 20
251 251 7 2 3 6 11 12 14 17
252 252 7 2 6 7 10 12 19 20
253 253 5 2 6 14 16 17
254 254 2 14 20
255 255 7 1 2 3 5 6 7 9
256 256 5 4 5 11 14 15
257 257 7 5 8 9 10 14 15 17
258 258 7 1 2 6 10 12 16 17
259 259 5 1 3 5 8 20
260 260 4 3 7 10 17
261 261 3 1 13 15
262 262 5 2 3 10 16 20
263 263 3 5 6 7
264 264 6 2 7 9 10 16 19
265 265 4 2 11 18 20
266 266 5 1 3 12 15 19
267 267 5 1 3 13 14 16
268 268 6 5 7 8 16 18 19
269 269 6 5 7 11 13 14 17
270 270 2 2 14
271 271 5 2 6 7 11 16
272 272 2 18 20
273 273 2 16 17
274 274 4 7 15 16 17
275 275 6 2 5 6 9 10 18
276 276 6 1 2 5 7 14 19
277 277 2 10 13
278 278 3 14 16 18
279 279 3 2 9 10
280 280 6 1 6 8 10 11 18
281 281 5 1 3 8 12 13
282 282 7 3 9 10 11 15 16 19
283 283 7 3 8 10 12 14 15 17
284 284 5 2 6 8 14 20
285 285 6 3 4 10 18 19 20
286 286 6 10 14 15 17 19 20
287 287 6 2 7 8 13 14 15
288 288 4 2 7 8 15
289 289 3 4 5 17
290 290 4 5 11 14 16
291 291 6 1 3 4 6 11 12
292 292 7 2 6 7 8 12 13 20
293 293 4 1 8 11 19
294 294 4 2 11 12 15
295 295 6 4 9 12 14 15 18
296 296 5 5 8 11 17 18
297 297 5 4 9 11 14 17
298 298 5 1 4 7 12 19
299 299 2 1 18
300 300 7 1 2 9 10 13 18 19
301 301 2 19 20
302 302 4 3 6 8 9
303 303 5 8 11 15 16 17
304 304 7 1 4 8 13 17 18 20
305 305 6 5 7 11 12 17 18
306 306 2 9 13
307 307 6 4 5 8 10 14 20
308 308 5 7 9 10 16 18
309 309 2 1 8
310 310 4 1 12 13 14
311 311 7 2 10 11 12 14 17 20
312 312 5 6 10 11 12 14
313 313 5 5 12 16 17 20
314 314 7 3 5 6 8 14 18 19
315 315 4 12 13 14 16
316 316 2 4 15
317 317 5 1 2 7 12 16
318 318 7 1 4 9 13 14 15 16
319 319 4 1 5 8 13
320 320 6 1 2 7 8 9 13
321 321 3 2 10 20
322 322 6 2 3 5 7 16 20
323 323 7 4 5 7 9 12 18 19
324 324 6 8 9 10 11 12 16
325 325 2 10 20
326 326 6 2 4 9 11 15 18
327 327 3 1 12 20
328 328 4 4 7 9 10
329 329 4 1 7 11 17
330 330 5 2 6 10 18 20
331 331 4 1 3 14 18
332 332 4 6 8 18 19
333 333 4 1 10 13 19
334 334 4 1 8 9 17
335 335 4 3 8 15 20
336 336 2 5 9
337 337 5 6 7 12 15 19
338 338 5 5 12 15 19 20
339 339 3 1 5 15
340 340 6 2 5 7 13 17 19
341 341 6 7 10 13 16 17 18
342 342 4 3 6 9 12
343 343 4 3 12 14 18
344 344 4 6 9 11 14
345 345 6 1 4 6 7 15 16
346 346 4 5 17 18 19
347 347 4 5 9 15 19
348 348 6 3 7 14 17 18 19
349 349 4 3 6 14 17
350 350 7 2 5 10 14 15 16 17
351 351 2 7 15
352 352 5 1 7 8 15 18
353 353 2 4 6
354 354 4 6 9 12 17
355 355 5 8 12 14 15 17
356 356 2 8 10
357 357 7 1 7 8 11 14 16 18
358 358 7 1 5 6 10 14 15 17
359 359 7 3 4 5 6 8 10 15
360 360 6 2 4 6 11 13 14
361 361 7 1 2 6 11 12 16 20
362 362 3 3 9 10
363 363 7 1 6 11 14 16 17 18
364 364 7 5 10 12 13 15 19 20
365 365 7 1 6 8 9 10 12 18
366 366 2 11 14
367 367 4 2 3 8 15
368 368 6 3 5 6 9 14 19
369 369 5 4 6 7 9 20
370 370 7 1 4 5 6 11 17 20
371 371 3 4 8 17
372 372 4 5 13 17 19
373 373 5 3 6 10 15 16
374 374 7 3 4 6 8 11 16 20
375 375 7 1 3 8 11 14 19 20
376 376 2 2 4
377 377 2 8 11
378 378 3 12 14 20
379 379 5 2 5 6 11 15
380 380 7 1 2 3 5 14 15 18
381 381 3 1 8 16
382 382 2 1 18
383 383 7 1 3 6 7 12 16 19
384 384 5 1 3 10 13 20
385 385 2 3 17
386 386 6 1 5 12 13 14 18
387 387 6 4 5 9 11 16 17
388 388 5 2 4 15 16 18
389 389 6 7 8 11 12 15 16
390 390 2 10 18
391 391 7 3 8 11 14 16 19 20
392 392 4 5 7 17 18
393 393 2 3 12
394 394 5 5 8 10 17 20
395 395 6 1 5 11 15 17 19
396 396 7 5 6 9 12 17 18 20
397 397 7 1 3 4 6 9 10 17
398 398 2 8 11
399 399 6 6 8 10 12 15 18
400 400 4 1 2 6 16
401 401 4 5 7 14 16
402 402 4 1 4 15 20
403 403 4 1 2 4 11
404 404 7 9 10 11 14 16 18 20
405 405 3 1 10 12
406 406 4 6 12 13 20
407 407 2 3 13
408 408 7 4 7 11 12 14 18 20
409 409 4 9 10 15 17
410 410 6 1 5 7 12 15 20
411 411 4 2 8 12 14
412 412 5 3 10 12 18 20
413 413 4 4 5 16 20
414 414 3 3 7 12
415 415 5 2 4 10 13 16
416 416 3 5 16 17
417 417 2 4 15
418 418 2 10 20
419 419 5 2 3 6 9 19
420 420 2 7 15
421 421 3 6 8 14
422 422 3 3 5 16
423 423 3 11 16 19
424 424 4 1 2 4 9
425 425 2 10 19
426 426 7 2 4 7 8 9 15 17
427 427 7 3 6 7 9 12 18 19
428 428 7 3 4 6 11 12 17 18
429 429 4 13 14 18 20
430 430 4 3 10 12 13
431 431 3 5 11 12
432 432 5 5 10 11 13 19
433 433 7 1 4 6 11 14 17 20
434 434 3 1 5 6
435 435 2 15 18
436 436 4 9 13 15 20
437 437 4 1 8 10 20
438 438 4 2 8 16 20
439 439 4 2 3 15 18
440 440 7 1 2 5 9 13 17 19
441 441 5 1 4 10 15 17
442 442 4 4 8 13 16
443 443 5 6 7 9 15 17
444 444 2 1 10
445 445 5 11 12 16 18 20
446 446 3 2 9 20
447 447 5 1 6 9 17 20
448 448 3 1 2 18
449 449 7 3 5 8 15 16 19 20
450 450 5 2 4 6 9 10
451 451 4 6 10 13 19
452 452 2 15 19
453 453 5 3 10 14 17 19
454 454 4 2 10 12 13
455 455 3 2 8 19
456 456 2 1 19
457 457 5 2 5 10 11 19
458 458 3 8 10 17
459 459 6 3 4 8 11 12 13
460 460 5 12 14 15 16 18
461 461 3 12 14 15
462 462 5 6 11 12 13 17
463 463 5 2 4 10 18 20
464 464 5 4 11 13 15 19
465 465 5 1 2 4 8 15
466 466 6 1 4 10 13 15 18
467 467 4 11 15 17 19
468 468 4 1 6 10 16
469 469 3 4 5 7
470 470 6 3 6 11 14 16 18
471 471 4 7 12 14 17
472 472 6 2 4 11 13 16 19
473 473 6 3 4 10 13 18 20
474 474 3 1 5 11
475 475 6 1 6 8 15 16 20
476 476 5 2 5 6 15 16
477 477 5 4 9 14 16 19
478 478 2 17 20
479 479 3 3 5 11
480 480 7 1 2 4 7 15 17 18
481 481 2 10 16
482 482 3 4 10 11
483 483 4 2 5 10 14
484 484 5 2 6 8 10 12
485 485 3 4 16 18
486 486 7 7 14 15 17 18 19 20
487 487 2 1 11
488 488 6 4 6 8 9 15 18
489 489 7 3 6 9 12 14 15 19
490 490 2 5 14
491 491 7 2 10 12 15 16 18 20
492 492 4 6 7 8 14
493 493 3 2 4 9
494 494 4 6 9 14 17
495 495 5 1 3 6 7 10
496 496 5 2 3 5 18 19
497 497 6 1 2 3 5 16 18
498 498 6 9 10 14 15 17 19
499 499 5 3 9 12 14 19
500 500 7 2 4 5 7 8 14 20
501 501 6 1 5 9 14 17 19
502 502 3 5 18 19
503 503 6 4 5 6 8 15 18
504 504 2 8 18
505 505 2 6 15
506 506 2 2 20
507 507 4 5 12 16 18
508 508 4 1 2 4 19
509 509 7 1 2 3 9 11 12 18
510 510 4 12 14 16 19
511 511 7 6 10 15 16 17 19 20
512 512 4 1 9 14 16
513 513 2 4 11
514 514 5 6 10 15 17 20
515 515 2 15 18
516 516 6 5 10 11 14 15 18
517 517 5 1 2 7 16 18
518 518 3 5 11 12
519 519 2 17 18
520 520 3 6 9 14
521 521 7 1 2 12 13 14 15 16
522 522 4 4 12 15 16
523 523 2 3 19
524 524 7 4 5 8 11 15 16 20
525 525 7 3 4 8 9 11 13 15
526 526 6 3 4 10 12 16 18
527 527 3 1 5 10
528 528 4 11 14 19 20
529 529 4 1 13 15 17
530 530 2 5 11
531 531 4 4 11 12 15
532 532 3 2 7 17
533 533 2 2 5
534 534 3 6 9 15
535 535 7 1 2 4 7 9 10 15
536 536 4 1 4 7 19
537 537 4 6 11 12 18
538 538 4 1 6 8 12
539 539 4 4 7 8 14
540 540 5 4 6 7 18 19
541 541 7 1 3 4 5 6 10 14
542 542 5 4 7 11 12 15
543 543 6 2 3 7 17 18 20
544 544 2 4 17
545 545 7 1 4 5 7 8 9 11
546 546 7 1 7 11 14 16 17 18
547 547 2 8 15
548 548 7 2 5 8 12 14 15 18
549 549 2 12 14
550 550 6 10 11 12 13 14 19
551 551 2 2 6
552 552 7 6 7 10 13 14 18 19
553 553 7 4 6 7 10 11 19 20
554 554 5 3 5 9 16 17
555 555 5 4 9 11 14 17
556 556 7 4 6 7 11 12 16 17
557 557 7 3 7 8 15 16 18 19
558 558 3 1 5 13
559 559 3 3 17 19
560 560 7 2 4 5 6 11 15 19
561 561 2 4 11
562 562 2 3 5
563 563 7 1 7 9 10 11 16 20
564 564 6 9 10 11 14 19 20
565 565 5 4 7 11 19 20
566 566 5 7 8 11 18 19
567 567 5 2 3 6 9 12
568 568 7 11 12 14 15 16 17 18
569 569 4 1 4 5 16
570 570 7 4 6 10 12 13 14 19
571 571 6 4 11 15 17 18 20
572 572 5 3 9 13 14 18
573 573 4 7 8 12 15
574 574 7 1 2 9 11 13 14 19
575 575 6 1 5 12 14 17 20
576 576 6 5 13 15 16 18 20
577 577 4 2 11 13 15
578 578 4 13 15 17 20
579 579 6 1 4 11 12 13 18
580 580 3 5 6 15
581 581 2 10 15
582 582 3 7 9 16
583 583 5 3 10 12 14 19
584 584 6 6 7 8 12 14 20
585 585 4 1 7 16 20
586 586 4 4 6 12 17
587 587 4 8 11 12 17
588 588 4 4 15 17 18
589 589 2 5 16
590 590 4 1 4 9 19
591 591 4 2 7 14 19
592 592 4 4 6 8 17
593 593 7 1 3 4 11 14 16 19
594 594 2 6 11
595 595 3 8 12 20
596 596 5 7 10 12 15 16
597 597 4 1 2 10 18
598 598 6 3 5 6 7 12 16
599 599 4 11 12 14 17
600 600 6 7 11 13 15 16 18
601 601 3 1 15 17
602 602 2 10 15
603 603 5 1 3 7 8 15
604 604 5 4 8 10 18 19
605 605 4 10 12 13 18
606 606 3 4 6 12
607 607 4 3 8 9 12
608 608 4 6 15 18 19
609 609 7 2 3 8 14 15 18 20
610 610 7 1 3 5 6 8 10 13
611 611 7 1 3 5 10 11 13 17
612 612 4 3 6 14 18
613 613 3 2 8 20
614 614 4 5 12 15 19
615 615 6 2 9 10 11 15 20
616 616 2 8 10
617 617 6 2 7 12 14 16 19
618 618 2 5 6
619 619 2 15 20
620 620 4 8 11 14 18
621 621 6 3 6 10 12 13 15
622 622 6 2 3 5 6 10 13
623 623 7 5 6 7 10 11 12 14
624 624 7 1 2 3 6 13 14 18
625 625 4 4 5 9 11
626 626 2 1 8
627 627 6 1 5 6 7 11 13
628 628 2 8 13
629 629 7 2 6 7 8 16 17 18
630 630 3 2 3 15
631 631 7 3 4 6 10 14 16 17
632 632 2 1 3
633 633 6 9 10 13 16 18 20
634 634 3 5 11 20
635 635 4 1 4 11 13
636 636 2 4 13
637 637 3 7 15 16
638 638 2 6 14
639 639 4 1 12 16 18
640 640 6 1 6 9 13 14 18
641 641 5 2 4 8 15 19
642 642 3 4 14 16
643 643 5 3 6 9 10 18
644 644 5 2 6 7 9 13
645 645 3 3 4 18
646 646 2 11 20
647 647 4 3 9 10 11
648 648 3 4 10 16
649 649 2 9 15
650 650 5 5 9 12 16 17
651 651 2 3 15
652 652 3 3 11 12
653 653 2 8 14
654 654 2 2 6
655 655 7 3 7 10 11 12 15 16
656 656 6 2 4 9 14 15 18
657 657 5 1 13 14 16 20
658 658 5 3 9 14 16 18
659 659 7 5 6 12 15 17 19 20
660 660 6 4 6 9 10 13 18
661 661 4 5 7 17 20
662 662 7 1 6 7 8 15 18 19
663 663 2 5 14
664 664 3 12 18 20
665 665 3 1 9 11
666 666 6 1 2 8 10 11 17
667 667 2 3 18
668 668 2 10 11
669 669 3 4 6 8
670 670 7 1 2 4 6 11 13 16
671 671 5 3 14 16 17 19
672 672 4 2 7 9 14
673 673 3 7 9 12
674 674 3 6 8 19
675 675 3 12 15 16
676 676 2 17 19
677 677 7 2 5 8 12 15 16 19
678 678 2 4 11
679 679 2 10 13
680 680 2 3 6
681 681 3 9 14 20
682 682 3 9 14 16
683 683 4 2 4 5 12
684 684 7 1 9 10 11 17 18 19
685 685 5 2 8 11 12 19
686 686 5 7 11 13 15 20
687 687 6 1 7 11 12 14 16
688 688 3 6 7 13
689 689 7 1 3 6 8 11 19 20
690 690 3 6 16 18
691 691 2 6 19
692 692 2 5 18
693 693 4 5 6 12 18
694 694 5 1 3 5 12 14
695 695 7 2 3 7 10 11 17 19
696 696 2 14 18
697 697 3 5 7 13
698 698 3 2 7 16
699 699 3 11 18 20
700 700 6 1 8 9 10 14 16
701 701 3 7 10 14
702 702 6 3 7 8 9 16 17
703 703 6 3 8 11 12 18 19
704 704 2 3 17
705 705 5 1 3 8 16 18
706 706 6 3 11 16 17 18 19
707 707 7 3 4 10 15 16 17 18
708 708 5 3 4 9 10 17
709 709 3 7 8 13
710 710 7 1 2 7 13 17 19 20
711 711 3 6 10 18
712 712 7 7 10 12 14 16 19 20
713 713 2 4 12
714 714 7 3 7 10 17 18 19 20
715 715 4 3 8 10 18
716 716 2 1 9
717 717 6 1 3 7 17 18 19
718 718 2 8 14
719 719 2 15 17
720 720 2 1 20
721 721 7 1 4 7 12 13 18 20
722 722 2 4 15
723 723 4 4 8 11 16
724 724 5 1 2 11 16 19
725 725 5 6 11 12 13 15
726 726 7 6 7 10 11 12 17 20
727 727 7 3 6 7 10 11 13 16
728 728 3 7 9 20
729 729 7 3 4 9 10 13 15 16
730 730 6 1 13 14 15 16 17
731 731 5 5 9 10 15 17
732 732 2 2 10
733 733 3 10 11 17
734 734 4 1 2 9 14
735 735 5 3 6 12 16 20
736 736 5 1 3 12 14 17
737 737 2 2 14
738 738 3 2 15 18
739 739 2 12 18
740 740 6 1 2 9 11 12 16
741 741 6 3 4 6 7 13 16
742 742 3 9 14 20
743 743 6 2 4 5 10 14 17
744 744 6 4 6 8 9 12 16
745 745 5 1 2 6 16 20
746 746 5 1 2 7 9 12
747 747 4 6 12 18 20
748 748 2 8 10
749 749 7 1 2 6 8 9 13 15
750 750 4 6 15 16 18
751 751 4 6 9 14 18
752 752 6 2 4 8 9 14 19
753 753 7 4 6 8 9 13 16 17
754 754 7 2 6 10 11 13 17 18
755 755 5 4 5 10 12 17
756 756 6 3 8 9 12 13 16
757 757 4 5 8 9 13
758 758 4 1 6 10 14
759 759 2 13 19
760 760 2 2 11
761 761 4 11 13 18 20
762 762 3 1 2 17
763 763 6 8 9 13 14 15 17
764 764 6 6 11 13 15 16 19
765 765 6 4 7 10 13 18 20
766 766 4 5 6 8 13
767 767 7 1 2 4 8 16 17 20
768 768 2 19 20
769 769 5 2 3 10 11 20
770 770 2 11 12
771 771 2 7 11
772 772 6 5 8 9 10 11 18
773 773 2 1 18
774 774 3 6 13 18
775 775 6 9 10 11 13 15 17
776 776 3 9 16 18
777 777 4 8 11 15 16
778 778 2 2 3
779 779 3 4 5 8
780 780 7 2 6 7 8 10 18 20
781 781 3 4 8 20
782 782 3 6 9 18
783 783 3 4 14 20
784 784 2 2 6
785 785 6 3 4 7 15 16 17
786 786 3 7 18 19
787 787 3 5 7 18
788 788 5 1 9 18 19 20
789 789 6 1 5 8 17 18 19
790 790 2 7 9
791 791 3 7 8 16
792 792 2 1 14
793 793 2 1 15
794 794 4 4 9 16 19
795 795 7 4 6 8 10 13 14 19
796 796 7 1 3 8 9 11 14 19
797 797 7 4 7 8 9 12 14 17
798 798 5 6 12 16 19 20
799 799 2 2 18
800 800 7 1 2 7 8 14 16 19
801 801 7 3 8 9 16 18 19 20
802 802 3 4 7 19
803 803 2 7 20
804 804 7 6 7 9 11 16 17 20
805 805 3 8 10 15
806 806 7 3 4 5 8 10 12 19
807 807 7 3 4 8 11 16 18 19
808 808 4 1 5 11 20
809 809 6 2 4 6 9 14 15
810 810 5 1 8 9 13 19
811 811 6 2 3 4 8 11 14
812 812 7 3 4 7 8 16 17 20
813 813 3 3 11 20
814 814 5 1 3 12 14 16
815 815 7 4 6 12 13 17 18 19
816 816 7 3 6 8 11 16 17 18
817 817 7 2 3 6 8 12 14 16
818 818 5 5 9 14 16 19
819 819 3 1 5 12
820 820 7 1 5 12 14 15 17 18
821 821 6 4 7 10 13 17 18
822 822 7 2 4 6 8 11 14 20
823 823 2 5 15
824 824 2 7 11
825 825 7 3 6 12 13 17 18 20
826 826 5 8 10 16 17 18
827 827 6 2 5 8 13 14 16
828 828 6 3 5 9 11 18 19
829 829 7 1 5 6 8 9 12 19
830 830 4 1 14 15 19
831 831 6 4 6 8 9 10 19
832 832 6 6 9 11 12 13 16
833 833 2 7 10
834 834 6 3 4 5 8 12 14
835 835 2 4 12
836 836 6 5 7 8 12 15 19
837 837 4 5 14 16 19
838 838 6 7 9 11 12 14 19
839 839 6 3 8 10 14 19 20
840 840 2 4 14
841 841 6 2 5 8 10 16 18
842 842 4 2 6 14 15
843 843 3 7 11 14
844 844 4 3 6 12 18
845 845 7 1 4 7 8 10 12 19
846 846 3 8 12 17
847 847 5 8 9 10 12 20
848 848 7 4 7 9 10 12 14 15
849 849 2 9 16
850 850 6 2 5 9 15 17 20
851 851 2 8 13
852 852 4 2 4 5 20
853 853 3 4 6 16
854 854 2 12 15
855 855 6 2 6 8 9 14 15
856 856 5 1 4 10 13 20
857 857 6 4 9 13 15 16 19
858 858 5 2 13 14 19 20
859 859 2 5 14
860 860 5 4 7 8 15 18
861 861 3 6 8 16
862 862 2 2 9
863 863 4 2 6 10 13
864 864 5 3 6 7 10 13
865 865 5 5 10 15 18 20
866 866 7 4 7 9 11 13 15 19
867 867 6 2 3 4 8 9 11
868 868 6 3 5 6 13 14 20
869 869 7 1 3 5 7 8 17 20
870 870 2 4 12
871 871 4 3 7 13 19
872 872 3 8 14 15
873 873 7 4 10 11 14 15 16 20
874 874 6 6 7 9 13 14 18
875 875 2 13 15
876 876 4 13 14 16 19
877 877 5 7 9 11 18 20
878 878 5 4 9 11 18 20
879 879 3 11 15 16
880 880 4 1 11 18 20
881 881 4 7 9 17 19
882 882 6 2 9 13 16 17 19
883 883 2 7 17
884 884 7 2 4 5 7 14 16 20
885 885 3 4 6 7
886 886 3 5 6 8
887 887 5 2 10 11 14 15
888 888 6 2 8 14 15 17 20
889 889 3 3 9 15
890 890 3 1 7 14
891 891 2 7 8
892 892 6 4 5 7 9 15 18
893 893 6 1 3 7 8 15 18
894 894 7 3 4 5 7 10 13 18
895 895 4 3 5 7 14
896 896 5 1 7 9 12 18
897 897 3 16 18 19
898 898 5 5 7 8 19 20
899 899 6 1 2 3 7 8 14
900 900 6 5 10 11 13 15 19
901 901 3 4 5 14
902 902 5 1 2 7 13 20
903 903 3 1 7 20
904 904 3 1 12 15
905 905 2 7 12
906 906 4 3 4 5 8
907 907 6 3 5 8 10 12 17
908 908 3 4 7 11
909 909 5 2 8 10 13 15
910 910 2 7 19
911 911 7 1 5 6 7 13 17 19
912 912 6 2 3 10 11 13 16
913 913 6 5 7 9 11 14 19
914 914 5 3 7 9 10 13
915 915 2 11 19
916 916 4 2 4 13 20
917 917 6 3 4 5 17 18 19
918 918 6 1 4 5 14 16 19
919 919 6 1 7 14 15 18 20
920 920 5 6 9 11 16 18
921 921 3 11 14 17
922 922 7 1 3 4 8 11 16 18
923 923 4 1 2 9 15
924 924 5 3 5 6 8 20
925 925 5 10 12 14 16 20
926 926 6 7 13 15 17 18 19
927 927 3 6 10 14
928 928 4 3 14 19 20
929 929 4 1 7 10 13
930 930 4 1 3 5 6
931 931 6 6 7 9 12 15 20
932 932 7 1 5 9 13 14 18 20
933 933 5 1 8 9 11 14
934 934 3 4 5 17
935 935 2 3 13
936 936 2 2 7
937 937 4 2 4 14 20
938 938 5 1 9 10 11 16
939 939 5 5 6 15 17 18
940 940 3 1 4 17
941 941 5 1 6 9 16 20
942 942 6 2 3 8 9 12 13
943 943 7 1 3 5 6 14 17 19
944 944 6 3 4 12 15 19 20
945 945 5 7 8 12 16 17
946 946 6 2 3 7 11 16 19
947 947 4 1 6 9 18
948 948 3 2 12 14
949 949 4 2 6 7 17
950 950 5 2 4 7 13 16
951 951 6 2 7 8 10 13 20
952 952 3 14 16 19
953 953 6 3 7 9 11 14 20
954 954 3 2 15 18
955 955 4 3 5 7 20
956 956 7 1 6 7 8 12 14 19
957 957 2 12 19
958 958 7 3 4 8 13 15 16 19
959 959 4 3 7 14 19
960 960 2 1 10
961 961 3 1 2 3
962 962 2 10 14
963 963 3 4 7 10
964 964 6 1 5 6 8 10 11
965 965 2 11 17
966 966 2 6 17
967 967 5 2 4 5 6 18
968 968 5 1 8 9 11 17
969 969 2 13 18
970 970 4 4 7 9 16
971 971 5 2 7 9 12 20
972 972 3 2 9 18
973 973 6 3 8 11 14 15 18
974 974 7 2 3 9 10 13 14 18
975 975 2 15 18
976 976 6 1 3 11 13 16 19
977 977 7 1 4 6 8 13 17 20
978 978 3 5 9 12
979 979 6 1 3 8 12 14 19
980 980 5 1 5 8 16 18
981 981 2 5 14
982 982 4 1 7 8 15
983 983 3 2 9 11
984 984 3 2 3 12
985 985 2 1 20
986 986 4 3 5 15 20
987 987 3 5 15 16
988 988 3 6 13 18
989 989 4 1 8 12 17
990 990 6 2 4 7 8 10 18
991 991 6 8 11 15 16 17 19
992 992 7 2 3 7 13 15 17 18
993 993 2 14 20
994 994 3 12 16 20
995 995 6 4 6 9 13 16 18
996 996 3 8 10 17
997 997 4 2 7 13 14
998 998 5 4 6 9 10 20
999 999 6 6 7 8 9 11 14
1000 1000 6 1 13 14 18 19 20
