1 1 3 2 12 14
2 2 4 4 5 9 12
3 3 2 1 13
4 4 2 1 4
5 5 4 1 5 9 13
6 6 5 2 7 8 9 14
7 7 4 4 9 11 13
8 8 3 1 7 9
9 9 2 3 8
10 10 4 11 12 13 14
11 11 2 3 7
12 12 3 2 4 8
13 13 3 3 12 13
14 14 4 2 4 8 13
15 15 5 2 3 8 12 13
16 16 3 3 6 11
17 17 4 1 4 5 6
18 18 4 1 3 5 10
19 19 2 9 11
20 20 2 2 12
21 21 3 5 7 8
22 22 5 1 3 7 11 13
23 23 2 6 7
24 24 5 4 5 7 12 13
25 25 5 1 3 7 11 12
26 26 2 2 8
27 27 2 9 13
28 28 3 2 3 7
29 29 2 4 9
30 30 2 2 5
31 31 3 4 9 14
32 32 4 1 2 4 14
33 33 3 2 7 10
34 34 2 7 12
35 35 3 5 10 11
36 36 2 4 13
37 37 2 8 14
38 38 4 6 10 12 14
39 39 3 7 10 14
40 40 2 3 13
41 41 3 5 9 13
42 42 2 1 4
43 43 4 3 5 6 12
44 44 3 1 6 12
45 45 4 3 8 9 10
46 46 4 3 5 6 11
47 47 5 1 2 3 4 12
48 48 4 2 10 12 14
49 49 3 3 5 6
50 50 5 1 4 5 8 11
51 51 2 10 13
52 52 2 6 8
53 53 2 6 14
54 54 4 2 6 7 11
55 55 5 3 6 7 13 14
56 56 2 10 14
57 57 2 10 14
58 58 3 6 13 14
59 59 3 9 12 14
60 60 2 6 13
61 61 4 4 5 6 7
62 62 2 6 8
63 63 4 5 7 8 12
64 64 3 1 12 14
65 65 4 2 4 9 10
66 66 4 2 4 5 14
67 67 4 9 10 11 12
68 68 2 5 11
69 69 4 2 7 11 14
70 70 5 1 6 8 12 13
71 71 3 6 7 10
72 72 4 5 7 10 13
73 73 4 1 3 11 13
74 74 3 1 4 13
75 75 5 1 3 8 10 11
76 76 4 3 9 10 13
77 77 4 5 8 11 12
78 78 4 2 8 10 14
79 79 2 6 7
80 80 5 4 8 9 11 14
81 81 2 1 9
82 82 4 8 10 12 14
83 83 3 4 5 12
84 84 4 1 3 5 9
85 85 4 2 8 11 12
86 86 3 1 9 14
87 87 5 4 5 8 11 13
88 88 5 3 4 8 11 13
89 89 4 4 6 13 14
90 90 4 4 5 10 13
91 91 3 6 7 13
92 92 5 1 3 4 11 13
93 93 4 6 7 12 13
94 94 2 7 9
95 95 5 2 5 8 9 10
96 96 3 9 10 14
97 97 2 7 8
98 98 4 4 6 9 11
99 99 4 2 3 9 12
100 100 2 1 5
101 101 5 2 3 7 9 11
102 102 3 1 3 11
103 103 2 3 9
104 104 4 4 5 9 12
105 105 5 1 3 10 12 14
106 106 4 1 4 7 13
107 107 4 1 3 8 12
108 108 4 5 6 8 9
109 109 3 2 10 13
110 110 2 1 13
111 111 3 1 2 12
112 112 2 4 12
113 113 5 2 4 8 13 14
114 114 2 4 6
115 115 3 6 10 11
116 116 3 2 3 4
117 117 2 4 13
118 118 4 2 6 7 12
119 119 5 2 3 12 13 14
120 120 4 2 4 5 6
121 121 5 1 3 5 6 11
122 122 5 3 5 6 9 14
123 123 5 1 3 4 8 12
124 124 4 4 6 12 13
125 125 3 2 5 14
126 126 3 3 8 13
127 127 5 1 3 5 6 11
128 128 2 8 9
129 129 2 3 8
130 130 4 4 10 11 13
131 131 2 5 9
132 132 2 5 6
133 133 3 6 11 14
134 134 2 1 2
135 135 4 3 4 6 8
136 136 3 3 10 11
137 137 3 8 11 14
138 138 3 8 11 13
139 139 5 1 5 6 7 13
140 140 4 1 4 9 13
141 141 4 2 4 13 14
142 142 2 7 13
143 143 4 5 8 13 14
144 144 2 13 14
145 145 5 2 6 11 12 13
146 146 2 3 13
147 147 4 1 2 3 10
148 148 2 3 5
149 149 4 3 4 7 14
150 150 3 4 7 9
151 151 2 5 9
152 152 4 6 8 11 13
153 153 2 3 11
154 154 5 2 4 6 9 10
155 155 2 5 11
156 156 5 2 4 6 10 14
157 157 3 9 12 14
158 158 4 5 6 7 8
159 159 3 5 7 8
160 160 2 2 9
161 161 3 4 8 10
162 162 2 2 5
163 163 4 6 8 9 14
164 164 3 7 9 13
165 165 3 1 4 7
166 166 5 1 2 7 10 12
167 167 2 2 7
168 168 5 4 6 7 10 13
169 169 4 4 6 7 13
170 170 4 3 10 11 14
171 171 3 7 8 10
172 172 5 2 4 6 10 11
173 173 3 3 5 7
174 174 5 1 5 8 11 12
175 175 3 3 11 13
176 176 3 1 3 7
177 177 4 1 4 9 14
178 178 3 1 2 7
179 179 4 8 9 12 13
180 180 4 1 6 11 13
181 181 5 2 3 5 7 10
182 182 2 5 12
183 183 5 4 9 10 12 14
184 184 5 5 6 8 11 12
185 185 3 1 5 14
186 186 3 8 9 14
187 187 2 4 5
188 188 2 4 5
189 189 5 1 2 3 4 6
190 190 3 5 11 14
191 191 4 4 7 9 14
192 192 2 3 13
193 193 4 3 9 10 11
194 194 2 1 4
195 195 4 1 5 7 8
196 196 5 4 5 6 8 14
197 197 4 1 2 7 11
198 198 2 2 6
199 199 3 5 7 10
200 200 2 1 4
201 201 5 1 5 6 12 13
202 202 4 2 7 10 12
203 203 2 9 12
204 204 2 3 7
205 205 3 3 4 8
206 206 2 12 14
207 207 3 9 10 13
208 208 2 4 8
209 209 5 1 8 9 10 12
210 210 5 3 7 10 11 13
211 211 2 3 9
212 212 2 9 13
213 213 5 1 4 9 11 13
214 214 3 2 9 12
215 215 2 8 13
216 216 4 3 6 9 10
217 217 3 3 11 13
218 218 4 2 5 11 13
219 219 2 1 13
220 220 4 4 8 9 12
221 221 2 9 10
222 222 4 1 9 10 13
223 223 2 9 12
224 224 4 1 3 11 12
225 225 4 8 9 13 14
226 226 5 2 4 7 9 12
227 227 5 3 4 10 11 13
228 228 4 1 4 5 14
229 229 3 4 5 11
230 230 5 2 3 11 12 13
231 231 3 2 3 12
232 232 4 3 7 8 14
233 233 4 8 10 12 14
234 234 5 3 8 9 12 14
235 235 4 2 8 11 14
236 236 4 2 4 6 8
237 237 3 4 6 9
238 238 5 1 2 4 6 11
239 239 3 3 5 12
240 240 2 3 13
241 241 2 5 14
242 242 3 1 4 11
243 243 2 5 6
244 244 5 2 3 5 9 12
245 245 2 1 8
246 246 5 2 5 8 10 12
247 247 4 6 7 9 11
248 248 5 7 11 12 13 14
249 249 2 11 12
250 250 5 1 2 7 8 9
251 251 5 2 3 4 6 10
252 252 3 2 3 9
253 253 4 1 3 4 11
254 254 2 7 14
255 255 3 1 11 13
256 256 2 3 10
257 257 2 1 13
258 258 4 1 2 6 14
259 259 5 4 5 7 9 14
260 260 3 1 12 14
261 261 4 2 7 8 11
262 262 4 2 4 12 14
263 263 5 3 4 10 13 14
264 264 5 3 6 10 11 13
265 265 5 5 8 9 10 14
266 266 3 8 10 12
267 267 3 6 9 13
268 268 5 3 4 5 6 10
269 269 2 5 14
270 270 5 4 6 9 10 12
271 271 4 4 8 9 14
272 272 3 2 3 4
273 273 2 11 12
274 274 3 10 13 14
275 275 3 1 13 14
276 276 5 1 7 8 9 12
277 277 3 2 5 10
278 278 3 2 5 6
279 279 2 3 4
280 280 4 2 8 11 13
281 281 4 1 6 7 13
282 282 2 11 13
283 283 4 1 9 11 13
284 284 4 1 4 6 11
285 285 5 1 5 7 12 14
286 286 2 9 11
287 287 2 3 7
288 288 5 5 7 9 10 14
289 289 2 11 12
290 290 5 2 5 10 12 14
291 291 3 2 6 7
292 292 2 1 9
293 293 4 9 11 12 14
294 294 3 4 6 10
295 295 4 3 4 8 9
296 296 4 2 4 6 10
297 297 4 1 7 9 14
298 298 3 2 5 13
299 299 3 2 4 12
300 300 2 2 9
301 301 4 1 3 10 13
302 302 4 4 7 10 14
303 303 3 1 4 6
304 304 3 8 9 11
305 305 2 3 5
306 306 2 3 14
307 307 2 5 7
308 308 3 6 8 14
309 309 4 3 9 11 12
310 310 3 6 11 14
311 311 5 3 6 7 9 10
312 312 3 7 8 9
313 313 2 6 7
314 314 4 2 6 9 11
315 315 4 2 3 4 9
316 316 3 4 10 12
317 317 5 1 7 8 9 14
318 318 4 1 2 4 9
319 319 4 3 4 6 13
320 320 5 2 4 5 8 14
321 321 4 2 4 7 9
322 322 4 4 9 10 12
323 323 4 1 7 13 14
324 324 2 2 5
325 325 5 1 4 5 11 12
326 326 5 2 4 8 12 14
327 327 2 4 9
328 328 3 5 8 13
329 329 4 1 2 5 6
330 330 5 2 4 7 9 13
331 331 3 5 6 7
332 332 3 2 8 11
333 333 4 1 9 11 14
334 334 2 2 7
335 335 3 3 4 14
336 336 2 8 11
337 337 5 3 4 8 10 14
338 338 4 5 7 11 12
339 339 4 4 5 10 11
340 340 3 1 10 13
341 341 2 11 12
342 342 5 1 4 5 8 11
343 343 2 3 12
344 344 3 1 6 14
345 345 3 2 6 9
346 346 2 8 13
347 347 4 3 8 9 14
348 348 3 8 9 10
349 349 5 2 5 7 9 13
350 350 3 6 10 11
351 351 3 5 11 14
352 352 5 5 9 11 12 14
353 353 4 4 9 12 13
354 354 3 7 9 14
355 355 2 7 11
356 356 2 2 14
357 357 3 7 8 10
358 358 3 1 4 7
359 359 4 1 2 3 13
360 360 4 1 4 7 12
361 361 5 1 4 9 11 13
362 362 3 4 6 12
363 363 4 1 5 9 10
364 364 2 4 8
365 365 4 3 5 7 9
366 366 3 4 5 11
367 367 2 10 12
368 368 4 5 10 11 14
369 369 4 1 5 7 10
370 370 4 1 2 4 14
371 371 5 3 4 12 13 14
372 372 4 2 3 5 14
373 373 2 6 13
374 374 2 12 14
375 375 5 1 3 6 11 12
376 376 3 1 8 12
377 377 3 3 7 11
378 378 5 6 7 10 11 14
379 379 3 1 5 7
380 380 5 2 5 7 8 14
381 381 5 3 8 10 11 13
382 382 2 4 12
383 383 3 8 9 12
384 384 3 1 4 5
385 385 2 11 14
386 386 2 3 12
387 387 3 5 10 14
388 388 2 3 4
389 389 2 6 12
390 390 2 2 4
391 391 3 1 4 11
392 392 4 5 7 9 12
393 393 4 3 5 10 11
394 394 4 2 3 4 11
395 395 2 3 7
396 396 2 9 13
397 397 3 1 2 8
398 398 4 1 6 9 13
399 399 5 1 2 5 9 12
400 400 2 1 6
401 401 3 5 7 14
402 402 5 2 4 5 6 10
403 403 5 1 3 6 8 10
404 404 2 5 12
405 405 4 2 3 8 12
406 406 3 2 6 13
407 407 4 3 4 7 10
408 408 4 1 6 8 12
409 409 5 7 8 11 12 14
410 410 5 2 3 6 8 14
411 411 3 1 2 13
412 412 2 3 12
413 413 2 3 6
414 414 3 2 9 13
415 415 5 1 2 5 6 13
416 416 4 1 2 8 12
417 417 4 5 7 11 12
418 418 5 2 6 8 10 13
419 419 4 6 9 12 14
420 420 5 4 6 7 9 12
421 421 5 5 10 11 12 14
422 422 2 5 12
423 423 4 2 3 5 10
424 424 3 1 6 11
425 425 5 2 3 5 7 12
426 426 5 1 4 6 7 8
427 427 2 4 12
428 428 3 2 11 14
429 429 2 11 12
430 430 2 3 11
431 431 4 3 4 9 10
432 432 2 7 14
433 433 3 2 3 12
434 434 5 2 3 8 9 11
435 435 4 4 6 9 14
436 436 2 7 14
437 437 4 2 5 6 10
438 438 5 1 3 6 8 14
439 439 2 1 3
440 440 4 4 9 10 12
441 441 4 6 7 9 11
442 442 5 2 6 10 13 14
443 443 4 4 9 10 14
444 444 2 11 14
445 445 2 2 5
446 446 5 2 6 11 13 14
447 447 5 2 4 6 12 14
448 448 5 3 6 11 13 14
449 449 3 2 6 9
450 450 3 3 9 11
451 451 3 4 5 6
452 452 2 8 9
453 453 2 1 3
454 454 3 2 6 11
455 455 5 1 4 5 6 13
456 456 4 6 11 12 14
457 457 2 6 12
458 458 4 1 4 5 8
459 459 2 3 7
460 460 3 4 6 10
461 461 5 5 6 7 11 14
462 462 4 3 9 11 12
463 463 3 3 10 13
464 464 3 5 7 9
465 465 5 4 5 8 13 14
466 466 2 8 12
467 467 4 1 5 6 9
468 468 3 2 5 7
469 469 3 6 8 9
470 470 4 2 7 8 10
471 471 5 2 3 5 11 14
472 472 2 6 14
473 473 4 1 3 10 13
474 474 4 3 11 12 13
475 475 5 1 2 4 5 6
476 476 2 5 8
477 477 3 1 8 12
478 478 2 3 14
479 479 3 1 10 11
480 480 2 2 7
481 481 4 5 8 9 10
482 482 4 2 4 6 10
483 483 3 2 4 10
484 484 3 4 6 9
485 485 3 2 3 9
486 486 4 1 2 5 11
487 487 3 1 3 14
488 488 5 1 2 4 5 6
489 489 2 8 12
490 490 2 5 12
491 491 2 3 11
492 492 2 8 10
493 493 5 3 8 9 11 13
494 494 3 3 4 14
495 495 2 3 6
496 496 5 2 6 8 9 12
497 497 2 4 8
498 498 5 1 3 4 7 13
499 499 5 4 9 10 11 14
500 500 5 1 3 7 9 13
501 501 2 5 10
502 502 4 1 2 4 5
503 503 2 2 11
504 504 5 1 3 8 11 12
505 505 2 8 11
506 506 4 4 6 9 10
507 507 3 2 8 12
508 508 2 8 13
509 509 5 3 5 9 11 13
510 510 4 2 5 7 10
511 511 4 4 10 12 13
512 512 4 2 6 7 9
513 513 2 9 12
514 514 2 1 14
515 515 5 2 3 6 11 13
516 516 3 1 7 14
517 517 3 4 7 13
518 518 2 5 8
519 519 2 4 9
520 520 4 1 2 4 14
521 521 5 2 3 7 10 14
522 522 4 2 3 4 12
523 523 2 5 12
524 524 4 1 4 5 6
525 525 3 5 8 13
526 526 2 1 10
527 527 2 3 5
528 528 5 3 6 8 11 13
529 529 2 5 13
530 530 4 3 4 6 14
531 531 2 10 14
532 532 3 3 10 13
533 533 2 4 5
534 534 2 11 14
535 535 3 3 9 13
536 536 3 1 5 14
537 537 2 2 4
538 538 2 6 10
539 539 2 1 14
540 540 5 3 5 6 8 10
541 541 5 1 7 12 13 14
542 542 4 1 3 6 8
543 543 4 1 8 11 13
544 544 4 2 9 11 13
545 545 2 7 12
546 546 4 9 12 13 14
547 547 3 3 6 9
548 548 2 3 8
549 549 4 5 9 12 14
550 550 4 7 9 10 14
551 551 5 1 2 3 6 14
552 552 5 4 5 8 9 13
553 553 5 3 4 7 9 10
554 554 4 1 3 8 10
555 555 2 6 12
556 556 3 1 7 8
557 557 2 2 3
558 558 3 7 9 13
559 559 5 1 2 3 10 11
560 560 4 3 7 10 12
561 561 5 3 5 7 8 11
562 562 3 3 8 13
563 563 2 3 8
564 564 4 10 11 13 14
565 565 3 7 8 10
566 566 5 3 8 9 11 13
567 567 2 3 9
568 568 3 5 6 8
569 569 5 5 10 11 12 13
570 570 2 1 7
571 571 2 1 3
572 572 5 3 10 11 12 13
573 573 3 5 9 11
574 574 4 5 6 10 14
575 575 4 5 9 10 14
576 576 3 2 5 7
577 577 5 2 3 7 9 12
578 578 5 2 4 7 8 14
579 579 3 3 10 14
580 580 2 4 9
581 581 5 3 4 5 6 11
582 582 4 3 4 9 14
583 583 5 3 6 7 8 9
584 584 3 6 8 11
585 585 5 1 7 9 12 13
586 586 2 1 4
587 587 5 1 8 10 13 14
588 588 2 4 14
589 589 3 11 12 14
590 590 3 3 10 13
591 591 4 9 10 11 14
592 592 5 1 2 4 8 12
593 593 5 3 6 8 9 11
594 594 3 1 3 12
595 595 4 1 4 8 11
596 596 4 2 3 8 11
597 597 2 3 7
598 598 2 3 11
599 599 2 5 14
600 600 4 1 2 13 14
601 601 2 4 9
602 602 2 1 3
603 603 2 1 14
604 604 3 4 10 13
605 605 2 2 6
606 606 3 10 11 13
607 607 3 6 12 13
608 608 4 2 3 9 14
609 609 3 3 8 12
610 610 2 3 8
611 611 3 3 12 14
612 612 5 4 6 10 11 12
613 613 4 7 8 12 13
614 614 2 7 12
615 615 2 1 13
616 616 3 2 3 11
617 617 3 1 7 8
618 618 5 4 7 9 13 14
619 619 4 2 3 5 14
620 620 4 2 5 7 12
621 621 4 1 4 6 11
622 622 5 2 6 8 11 13
623 623 4 1 4 9 13
624 624 3 4 12 14
625 625 2 9 12
626 626 5 5 7 8 11 12
627 627 2 6 10
628 628 2 6 10
629 629 4 2 3 9 12
630 630 2 5 11
631 631 4 2 3 5 10
632 632 2 8 13
633 633 5 1 6 9 13 14
634 634 4 2 8 10 13
635 635 4 6 8 11 12
636 636 4 1 8 9 13
637 637 3 2 8 12
638 638 4 3 5 9 14
639 639 2 2 4
640 640 2 12 13
641 641 3 1 3 10
642 642 2 2 13
643 643 5 4 7 9 12 14
644 644 2 1 14
645 645 5 1 2 4 7 14
646 646 2 6 13
647 647 2 5 11
648 648 5 1 2 5 13 14
649 649 4 3 9 10 13
650 650 4 1 10 11 13
651 651 3 2 8 10
652 652 2 1 10
653 653 3 5 7 12
654 654 2 4 8
655 655 5 1 5 6 8 9
656 656 3 1 8 10
657 657 4 1 3 4 14
658 658 5 1 4 9 12 14
659 659 4 2 6 10 12
660 660 3 7 8 9
661 661 3 7 9 13
662 662 5 2 5 11 12 14
663 663 2 6 8
664 664 4 4 6 9 12
665 665 2 5 7
666 666 5 1 2 3 5 12
667 667 5 4 8 9 10 14
668 668 4 3 4 6 12
669 669 2 8 11
670 670 5 3 5 8 10 12
671 671 3 6 9 14
672 672 2 1 2
673 673 4 3 8 13 14
674 674 3 4 10 11
675 675 2 3 6
676 676 4 3 7 9 10
677 677 4 1 6 8 14
678 678 4 1 4 5 10
679 679 4 4 6 9 14
680 680 5 2 5 7 8 14
681 681 5 6 8 10 11 12
682 682 4 1 3 8 11
683 683 2 4 5
684 684 4 4 6 7 9
685 685 4 3 4 5 6
686 686 3 4 6 12
687 687 3 1 5 7
688 688 2 9 13
689 689 4 2 6 7 13
690 690 3 1 4 8
691 691 2 8 14
692 692 4 4 5 10 14
693 693 5 1 2 3 7 8
694 694 2 4 14
695 695 4 3 5 8 13
696 696 3 1 10 12
697 697 3 1 8 11
698 698 2 3 7
699 699 4 9 10 12 13
700 700 3 5 10 11
701 701 5 5 8 9 11 12
702 702 4 8 10 12 13
703 703 5 5 7 9 10 13
704 704 5 2 5 9 11 12
705 705 2 3 5
706 706 2 4 11
707 707 2 1 4
708 708 2 8 13
709 709 2 7 8
710 710 5 7 10 11 12 13
711 711 2 3 9
712 712 5 2 7 12 13 14
713 713 2 9 14
714 714 3 7 11 14
715 715 2 4 13
716 716 2 3 5
717 717 2 5 14
718 718 5 4 5 6 9 11
719 719 3 5 7 10
720 720 3 3 4 10
721 721 2 4 8
722 722 5 1 2 3 4 14
723 723 2 6 8
724 724 2 4 9
725 725 5 2 8 10 11 13
726 726 3 7 10 12
727 727 4 9 10 12 14
728 728 3 6 7 9
729 729 3 3 5 12
730 730 2 10 12
731 731 3 1 4 7
732 732 2 10 11
733 733 4 5 6 10 11
734 734 3 10 12 13
735 735 2 1 11
736 736 5 1 4 11 12 14
737 737 2 2 7
738 738 5 2 7 11 13 14
739 739 4 2 3 8 10
740 740 5 2 3 6 10 11
741 741 2 1 2
742 742 5 4 6 10 13 14
743 743 4 4 7 9 13
744 744 4 1 6 9 14
745 745 3 2 4 7
746 746 5 3 4 9 12 14
747 747 5 2 4 8 10 13
748 748 4 1 4 6 11
749 749 4 1 9 10 12
750 750 5 3 6 8 10 13
751 751 3 2 3 10
752 752 4 1 3 5 11
753 753 3 8 9 14
754 754 2 2 9
755 755 5 1 4 10 12 13
756 756 4 1 3 7 12
757 757 5 6 7 8 11 13
758 758 4 3 5 6 12
759 759 2 2 9
760 760 4 6 9 11 12
761 761 2 2 10
762 762 5 1 4 5 6 8
763 763 5 2 4 7 8 14
764 764 4 3 9 11 13
765 765 4 3 8 10 14
766 766 4 4 5 6 9
767 767 4 1 6 10 14
768 768 4 1 9 12 14
769 769 5 3 7 9 10 12
770 770 5 5 7 9 10 14
771 771 5 4 8 9 10 11
772 772 2 2 11
773 773 3 6 9 11
774 774 2 9 11
775 775 5 1 2 3 6 14
776 776 4 3 5 9 12
777 777 5 2 6 7 8 13
778 778 5 1 2 9 13 14
779 779 5 3 5 7 10 11
780 780 5 1 4 5 7 9
781 781 3 2 9 13
782 782 2 6 8
783 783 5 1 5 6 13 14
784 784 5 1 3 9 11 12
785 785 4 1 5 8 14
786 786 3 1 5 12
787 787 3 6 11 13
788 788 2 3 9
789 789 4 7 8 11 12
790 790 4 5 6 7 11
791 791 4 1 9 10 11
792 792 3 3 10 12
793 793 2 6 9
794 794 2 1 6
795 795 4 1 2 3 5
796 796 2 9 14
797 797 2 2 8
798 798 2 1 6
799 799 5 2 5 10 12 13
800 800 3 1 6 13
801 801 2 5 9
802 802 3 2 3 10
803 803 4 4 6 10 11
804 804 5 3 5 10 11 12
805 805 2 12 14
806 806 5 6 7 9 10 13
807 807 2 1 6
808 808 2 5 12
809 809 3 3 9 14
810 810 3 2 6 12
811 811 2 11 13
812 812 4 1 2 3 4
813 813 5 1 2 7 8 12
814 814 2 4 14
815 815 3 5 7 11
816 816 3 3 9 11
817 817 5 1 3 4 7 10
818 818 4 1 6 9 10
819 819 4 1 6 13 14
820 820 5 1 2 6 12 14
821 821 4 3 5 6 10
822 822 5 4 5 7 9 14
823 823 3 2 5 6
824 824 5 2 6 7 12 14
825 825 2 9 14
826 826 3 4 12 14
827 827 2 3 8
828 828 3 4 5 7
829 829 2 3 4
830 830 4 2 8 9 14
831 831 4 2 9 12 13
832 832 2 1 12
833 833 3 2 4 10
834 834 3 6 8 11
835 835 4 1 3 4 7
836 836 2 1 13
837 837 5 2 6 7 13 14
838 838 3 1 3 13
839 839 3 4 5 9
840 840 2 4 13
841 841 3 10 12 14
842 842 3 1 3 9
843 843 5 3 4 6 9 13
844 844 5 2 5 6 11 12
845 845 3 1 3 6
846 846 5 1 5 7 11 14
847 847 4 1 3 7 11
848 848 5 4 6 10 12 13
849 849 5 3 5 6 9 13
850 850 2 4 7
851 851 5 1 7 8 9 12
852 852 5 5 7 8 9 11
853 853 3 2 7 12
854 854 3 5 7 9
855 855 2 5 10
856 856 4 2 7 10 12
857 857 2 12 13
858 858 4 1 5 7 10
859 859 4 1 6 12 13
860 860 4 1 5 10 12
861 861 3 1 3 13
862 862 4 2 4 6 7
863 863 2 4 12
864 864 2 3 9
865 865 2 1 14
866 866 3 7 11 12
867 867 4 1 3 10 13
868 868 4 1 7 11 13
869 869 4 3 9 10 12
870 870 2 8 12
871 871 3 6 8 14
872 872 2 5 7
873 873 5 5 8 9 11 14
874 874 2 12 14
875 875 2 2 8
876 876 3 2 9 12
877 877 5 7 8 10 11 13
878 878 3 3 10 12
879 879 4 4 7 8 10
880 880 5 2 5 10 11 12
881 881 2 11 14
882 882 2 3 9
883 883 5 1 3 7 9 10
884 884 2 4 11
885 885 5 1 2 5 11 12
886 886 5 3 6 7 8 13
887 887 5 3 6 7 11 14
888 888 4 1 4 7 8
889 889 3 6 9 12
890 890 4 8 12 13 14
891 891 2 10 13
892 892 2 7 10
893 893 3 7 10 12
894 894 2 5 8
895 895 4 2 5 8 10
896 896 5 2 7 8 9 12
897 897 5 3 5 6 7 8
898 898 4 6 11 12 14
899 899 2 2 8
900 900 3 7 11 13
901 901 5 1 6 9 10 14
902 902 2 5 13
903 903 2 3 7
904 904 3 1 5 8
905 905 3 5 7 10
906 906 2 6 11
907 907 3 5 7 14
908 908 4 6 9 13 14
909 909 4 6 8 11 14
910 910 5 3 5 7 11 14
911 911 3 1 7 13
912 912 4 3 8 13 14
913 913 2 1 12
914 914 3 3 7 11
915 915 4 5 9 11 14
916 916 2 2 14
917 917 3 2 11 14
918 918 3 2 5 11
919 919 5 1 10 11 12 14
920 920 4 7 8 9 12
921 921 2 7 10
922 922 3 8 12 13
923 923 4 10 11 12 13
924 924 5 1 4 6 8 11
925 925 4 3 4 10 11
926 926 2 9 12
927 927 2 8 12
928 928 3 3 9 13
929 929 5 1 4 5 7 13
930 930 3 7 12 13
931 931 2 6 9
932 932 2 1 5
933 933 2 3 6
934 934 4 1 5 7 10
935 935 5 1 4 10 11 13
936 936 5 6 9 10 13 14
937 937 3 4 9 12
938 938 5 4 5 8 10 13
939 939 2 9 10
940 940 5 2 6 7 12 13
941 941 4 2 3 4 12
942 942 2 6 11
943 943 3 1 9 11
944 944 5 2 3 8 9 11
945 945 4 5 8 11 12
946 946 5 1 4 9 12 13
947 947 5 3 6 8 13 14
948 948 3 1 10 13
949 949 5 6 7 9 10 12
950 950 5 2 5 6 7 11
951 951 4 3 9 11 13
952 952 4 4 7 10 12
953 953 2 6 13
954 954 4 4 5 9 13
955 955 3 7 8 10
956 956 3 1 5 12
957 957 2 10 12
958 958 3 3 5 10
959 959 4 2 5 9 10
960 960 3 1 2 8
961 961 5 4 5 7 8 10
962 962 2 4 8
963 963 4 2 11 12 13
964 964 3 4 5 6
965 965 5 2 3 9 10 14
966 966 2 13 14
967 967 4 3 4 5 8
968 968 5 3 5 7 11 12
969 969 4 5 6 7 9
970 970 2 1 14
971 971 2 6 13
972 972 5 1 2 3 7 12
973 973 4 4 10 12 13
974 974 5 5 7 8 11 14
975 975 3 2 4 7
976 976 3 2 5 9
977 977 3 1 3 4
978 978 2 2 10
979 979 2 2 13
980 980 3 6 8 9
981 981 3 7 8 9
982 982 5 2 5 6 10 13
983 983 4 2 3 8 9
984 984 4 1 11 13 14
985 985 2 3 6
986 986 2 1 10
987 987 2 3 9
988 988 3 2 6 14
989 989 2 5 9
990 990 2 3 8
991 991 2 1 6
992 992 5 2 3 10 11 13
993 993 3 2 5 6
994 994 5 2 9 10 11 13
995 995 2 6 7
996 996 5 3 6 10 12 13
997 997 4 1 6 10 12
998 998 2 1 7
999 999 5 1 2 4 11 13
1000 1000 4 4 9 11 14
