1 1 6 1 7 8 9 10 13
2 2 3 2 6 9
3 3 2 8 14
4 4 4 4 6 8 10
5 5 2 7 12
6 6 5 7 8 9 11 12
7 7 3 2 3 11
8 8 4 2 5 7 13
9 9 5 1 2 5 6 10
10 10 6 2 3 7 10 13 15
11 11 3 1 6 9
12 12 5 1 3 5 7 9
13 13 6 2 5 7 8 11 16
14 14 3 1 3 14
15 15 2 2 10
16 16 3 4 6 16
17 17 5 1 6 7 8 13
18 18 3 3 12 13
19 19 5 3 5 7 11 12
20 20 3 6 11 14
21 21 4 7 12 13 15
22 22 4 3 5 7 14
23 23 2 7 13
24 24 3 3 8 14
25 25 5 2 3 12 14 15
26 26 4 5 9 11 14
27 27 2 6 16
28 28 4 1 5 6 13
29 29 3 3 13 16
30 30 2 10 14
31 31 4 11 12 15 16
32 32 2 6 9
33 33 5 3 5 11 12 13
34 34 5 1 6 7 11 16
35 35 3 4 6 10
36 36 6 3 4 5 7 13 15
37 37 3 6 11 12
38 38 2 7 14
39 39 5 6 9 10 12 14
40 40 4 3 6 7 16
41 41 2 7 12
42 42 2 12 15
43 43 2 3 5
44 44 6 3 6 7 8 10 15
45 45 2 10 11
46 46 5 2 3 4 13 14
47 47 6 1 2 7 9 12 14
48 48 5 1 5 6 9 14
49 49 4 4 6 10 12
50 50 6 1 2 4 9 11 15
51 51 3 3 8 16
52 52 6 2 5 6 11 13 14
53 53 2 3 7
54 54 3 2 3 8
55 55 2 3 5
56 56 2 1 6
57 57 2 4 14
58 58 2 7 13
59 59 5 1 6 9 12 14
60 60 3 3 4 15
61 61 5 2 4 5 8 13
62 62 4 4 7 13 15
63 63 3 4 10 15
64 64 6 1 7 8 9 10 14
65 65 6 1 8 10 14 15 16
66 66 6 1 2 5 8 9 14
67 67 5 6 8 9 11 13
68 68 3 3 8 11
69 69 3 6 12 14
70 70 2 6 12
71 71 6 1 2 6 9 15 16
72 72 2 3 13
73 73 5 4 5 8 13 14
74 74 2 6 8
75 75 4 4 5 6 7
76 76 4 3 6 9 16
77 77 2 4 14
78 78 5 3 7 10 15 16
79 79 5 3 4 11 14 15
80 80 6 5 6 7 8 11 14
81 81 6 1 2 6 7 13 15
82 82 3 10 12 14
83 83 4 2 4 5 13
84 84 4 4 5 8 15
85 85 2 11 15
86 86 2 11 12
87 87 2 1 12
88 88 6 3 7 11 13 15 16
89 89 4 2 10 12 15
90 90 3 7 8 15
91 91 3 6 9 16
92 92 2 6 13
93 93 6 5 7 11 13 14 16
94 94 6 3 4 8 9 12 15
95 95 6 1 2 8 9 11 12
96 96 4 2 10 11 14
97 97 2 7 14
98 98 5 1 5 10 12 16
99 99 6 1 2 4 11 14 16
100 100 4 3 9 14 15
101 101 2 12 13
102 102 5 1 2 7 12 14
103 103 3 1 7 14
104 104 6 4 8 10 11 12 14
105 105 6 4 6 7 11 12 14
106 106 6 1 2 4 9 12 14
107 107 4 2 6 10 11
108 108 5 5 11 12 13 14
109 109 3 1 3 8
110 110 3 7 9 15
111 111 3 4 6 15
112 112 5 1 3 9 13 14
113 113 2 12 15
114 114 3 4 5 8
115 115 3 7 8 12
116 116 3 1 4 7
117 117 2 10 13
118 118 6 1 8 9 13 14 16
119 119 2 12 14
120 120 2 5 9
121 121 6 2 7 9 10 12 13
122 122 2 11 13
123 123 5 3 4 7 9 10
124 124 4 3 4 8 10
125 125 3 3 11 15
126 126 4 2 4 6 11
127 127 5 1 9 10 13 15
128 128 3 9 11 12
129 129 2 9 11
130 130 6 1 2 10 11 12 13
131 131 2 1 3
132 132 3 1 2 5
133 133 2 6 9
134 134 4 2 5 10 14
135 135 5 4 7 10 12 13
136 136 6 2 4 5 7 9 11
137 137 2 10 14
138 138 3 1 10 13
139 139 4 1 3 6 8
140 140 6 1 2 6 11 14 16
141 141 6 3 6 8 10 13 14
142 142 3 7 12 16
143 143 3 2 15 16
144 144 6 2 6 7 8 10 16
145 145 5 4 8 11 13 15
146 146 6 6 7 8 11 12 16
147 147 2 13 16
148 148 3 3 7 9
149 149 6 5 7 8 10 12 14
150 150 5 1 4 10 14 15
151 151 2 12 15
152 152 6 1 3 9 11 13 15
153 153 5 1 5 7 11 12
154 154 2 13 15
155 155 4 6 9 12 15
156 156 3 3 12 15
157 157 2 2 14
158 158 4 5 6 10 11
159 159 2 6 15
160 160 6 3 6 8 9 11 15
161 161 5 2 3 6 10 12
162 162 3 7 12 15
163 163 4 4 5 10 13
164 164 4 1 3 15 16
165 165 2 1 11
166 166 4 3 10 11 12
167 167 2 3 6
168 168 3 10 14 15
169 169 3 2 5 11
170 170 3 6 10 12
171 171 3 1 11 12
172 172 3 6 15 16
173 173 3 3 5 11
174 174 5 2 6 7 11 12
175 175 5 1 8 10 11 14
176 176 5 1 3 4 10 16
177 177 6 1 2 4 9 12 13
178 178 3 3 5 6
179 179 3 2 9 14
180 180 6 1 4 6 7 12 15
181 181 2 4 14
182 182 2 1 13
183 183 6 3 4 5 10 12 16
184 184 3 9 11 15
185 185 4 1 3 5 13
186 186 5 2 4 12 14 16
187 187 3 4 8 16
188 188 3 6 12 13
189 189 5 2 6 10 11 12
190 190 3 1 3 11
191 191 2 5 7
192 192 6 3 4 5 8 9 12
193 193 3 3 13 16
194 194 5 3 6 12 13 16
195 195 6 1 5 6 8 10 15
196 196 4 2 4 13 14
197 197 2 2 15
198 198 6 4 7 8 9 14 15
199 199 3 6 14 16
200 200 2 7 13
201 201 2 3 14
202 202 3 5 13 16
203 203 5 4 5 7 15 16
204 204 5 1 2 6 11 13
205 205 3 5 11 13
206 206 3 2 6 10
207 207 3 4 8 12
208 208 5 1 2 6 9 15
209 209 5 2 5 8 9 11
210 210 6 1 3 4 5 6 15
211 211 5 3 4 6 12 13
212 212 4 3 5 7 14
213 213 4 4 12 13 14
214 214 2 1 16
215 215 3 2 3 15
216 216 5 2 7 9 10 12
217 217 3 3 11 12
218 218 5 1 8 10 12 15
219 219 4 1 6 9 10
220 220 5 4 5 6 12 14
221 221 6 2 3 5 8 13 16
222 222 2 4 7
223 223 6 2 5 10 12 14 16
224 224 5 2 6 11 13 15
225 225 5 1 3 6 7 14
226 226 3 2 9 16
227 227 4 9 10 12 13
228 228 2 3 14
229 229 3 1 3 13
230 230 2 3 4
231 231 4 3 7 8 9
232 232 5 4 5 10 13 14
233 233 2 3 13
234 234 5 2 4 7 12 13
235 235 6 6 9 10 12 15 16
236 236 6 4 10 12 14 15 16
237 237 5 2 4 12 13 15
238 238 5 2 4 7 13 14
239 239 6 2 3 10 11 13 14
240 240 4 1 8 14 16
241 241 3 4 5 9
242 242 3 2 5 14
243 243 3 3 10 14
244 244 4 3 6 8 12
245 245 3 1 3 7
246 246 3 10 11 15
247 247 6 1 3 7 11 13 15
248 248 3 5 7 11
249 249 5 2 6 10 11 15
250 250 6 3 9 10 11 14 15
251 251 2 2 11
252 252 3 4 11 13
253 253 3 2 4 13
254 254 5 1 3 4 5 14
255 255 6 1 2 5 6 13 14
256 256 3 2 4 7
257 257 5 7 10 11 13 16
258 258 4 6 12 13 16
259 259 4 9 10 13 16
260 260 2 2 11
261 261 5 9 10 12 13 15
262 262 6 1 3 7 8 11 14
263 263 3 7 9 11
264 264 6 3 5 8 10 11 15
265 265 3 2 7 14
266 266 5 1 3 7 9 14
267 267 5 9 10 12 13 16
268 268 2 4 14
269 269 4 7 9 12 15
270 270 5 1 2 3 5 11
271 271 3 1 12 14
272 272 2 8 14
273 273 3 1 8 10
274 274 6 3 5 9 11 12 16
275 275 3 5 11 16
276 276 6 7 8 11 13 14 15
277 277 5 2 3 10 14 16
278 278 6 1 3 8 9 10 15
279 279 5 1 9 10 11 14
280 280 3 2 7 8
281 281 4 3 6 7 11
282 282 2 4 16
283 283 2 13 15
284 284 4 5 9 12 16
285 285 2 1 6
286 286 3 6 10 14
287 287 3 3 13 16
288 288 4 1 2 3 5
289 289 6 3 4 5 7 8 9
290 290 6 1 4 7 8 11 15
291 291 2 10 13
292 292 6 1 5 8 11 14 16
293 293 3 9 11 16
294 294 2 3 6
295 295 5 3 5 11 14 16
296 296 6 2 3 4 7 13 16
297 297 5 5 6 7 9 15
298 298 4 1 10 11 14
299 299 2 9 10
300 300 3 2 12 16
301 301 6 2 5 7 12 13 14
302 302 2 5 9
303 303 6 1 2 7 9 15 16
304 304 5 5 7 10 12 16
305 305 4 6 8 12 16
306 306 4 2 5 9 10
307 307 6 3 6 8 9 12 15
308 308 3 3 6 9
309 309 2 2 8
310 310 4 6 14 15 16
311 311 3 2 6 9
312 312 4 1 10 13 16
313 313 5 2 4 8 9 12
314 314 3 6 13 15
315 315 2 7 16
316 316 4 4 7 8 16
317 317 4 1 6 8 10
318 318 4 1 4 10 11
319 319 3 4 12 14
320 320 5 3 4 14 15 16
321 321 6 5 6 9 14 15 16
322 322 3 1 2 8
323 323 4 7 9 11 14
324 324 4 2 7 14 16
325 325 4 7 8 14 15
326 326 4 1 4 8 11
327 327 3 4 14 15
328 328 5 5 7 10 11 12
329 329 4 1 7 9 11
330 330 5 1 4 8 11 16
331 331 2 5 16
332 332 5 3 4 6 8 16
333 333 2 3 9
334 334 2 5 13
335 335 3 8 9 10
336 336 4 12 13 14 16
337 337 5 1 3 7 13 14
338 338 2 11 12
339 339 3 9 13 15
340 340 5 4 7 9 11 15
341 341 3 5 7 8
342 342 5 1 2 12 13 14
343 343 3 4 5 13
344 344 5 2 6 10 13 14
345 345 5 1 5 8 9 14
346 346 4 1 7 10 14
347 347 5 4 5 8 9 10
348 348 3 12 14 16
349 349 3 5 7 10
350 350 6 3 9 10 11 15 16
351 351 6 1 2 4 6 10 12
352 352 4 8 11 13 15
353 353 3 3 4 11
354 354 3 1 3 5
355 355 2 10 16
356 356 5 1 5 10 14 16
357 357 3 7 9 11
358 358 3 6 7 12
359 359 5 4 9 11 12 15
360 360 4 2 9 14 15
361 361 6 2 3 6 7 8 10
362 362 6 2 4 6 7 12 15
363 363 6 4 10 12 14 15 16
364 364 2 10 13
365 365 6 1 2 5 6 13 14
366 366 6 1 3 5 11 13 15
367 367 2 3 16
368 368 4 8 14 15 16
369 369 6 4 5 8 10 11 12
370 370 5 1 3 6 7 8
371 371 4 3 9 12 16
372 372 4 3 5 8 15
373 373 6 2 7 9 10 12 14
374 374 4 3 5 12 16
375 375 2 2 6
376 376 2 1 14
377 377 6 2 3 7 9 11 15
378 378 5 2 11 12 13 14
379 379 3 6 8 13
380 380 3 2 3 14
381 381 5 7 8 9 13 14
382 382 5 3 4 6 10 12
383 383 2 1 6
384 384 4 4 5 7 16
385 385 4 5 9 15 16
386 386 5 1 2 4 7 8
387 387 4 2 3 12 15
388 388 5 1 6 7 9 15
389 389 5 2 9 10 12 13
390 390 2 15 16
391 391 6 5 8 9 12 14 15
392 392 6 5 7 9 10 12 13
393 393 5 5 6 7 14 15
394 394 6 1 2 6 8 9 15
395 395 2 8 12
396 396 4 3 4 10 12
397 397 6 1 2 8 10 12 14
398 398 4 5 10 12 16
399 399 3 1 8 14
400 400 2 11 15
401 401 3 3 7 13
402 402 6 3 5 6 10 13 15
403 403 4 5 10 15 16
404 404 4 1 2 10 15
405 405 2 10 11
406 406 3 2 10 12
407 407 6 1 2 3 5 6 12
408 408 5 1 3 7 10 16
409 409 3 3 5 12
410 410 5 1 3 10 14 16
411 411 5 2 4 6 13 15
412 412 6 1 5 9 10 12 13
413 413 6 3 5 7 10 12 13
414 414 4 1 5 7 14
415 415 5 4 8 9 12 16
416 416 5 1 4 10 11 16
417 417 4 3 4 8 16
418 418 6 4 8 9 10 11 14
419 419 3 2 12 14
420 420 3 3 8 16
421 421 2 13 14
422 422 2 1 13
423 423 4 9 12 15 16
424 424 5 4 5 7 11 15
425 425 4 1 3 4 11
426 426 4 1 6 10 16
427 427 6 2 3 7 13 15 16
428 428 2 13 15
429 429 5 5 8 12 14 16
430 430 3 1 9 11
431 431 2 5 11
432 432 6 2 5 6 11 13 16
433 433 3 2 8 14
434 434 3 4 6 16
435 435 2 2 7
436 436 5 2 4 6 11 14
437 437 5 3 4 6 7 8
438 438 6 3 5 11 12 15 16
439 439 5 6 9 11 13 16
440 440 5 2 7 8 9 11
441 441 6 1 6 7 8 11 14
442 442 6 2 9 11 12 13 16
443 443 5 1 5 8 9 14
444 444 4 1 3 5 10
445 445 5 5 6 10 11 13
446 446 6 2 3 8 14 15 16
447 447 2 8 14
448 448 6 1 2 11 13 14 16
449 449 5 3 6 8 13 15
450 450 2 9 14
451 451 2 3 9
452 452 4 3 5 8 9
453 453 2 8 14
454 454 5 6 8 9 12 15
455 455 3 4 5 6
456 456 4 3 6 9 16
457 457 4 3 7 8 13
458 458 2 7 8
459 459 6 2 3 4 5 6 7
460 460 4 3 7 14 15
461 461 6 1 4 5 11 14 15
462 462 3 8 10 12
463 463 3 1 2 13
464 464 3 1 2 10
465 465 6 5 6 10 11 12 16
466 466 3 1 3 16
467 467 4 1 3 4 13
468 468 3 2 9 13
469 469 5 3 4 5 8 10
470 470 6 1 3 7 9 10 12
471 471 4 3 4 9 13
472 472 4 1 8 12 13
473 473 5 2 6 13 14 16
474 474 4 1 2 5 10
475 475 2 3 15
476 476 5 2 7 9 12 14
477 477 6 1 3 7 9 13 14
478 478 2 10 11
479 479 6 1 6 9 11 12 16
480 480 4 4 8 14 16
481 481 6 4 6 7 8 10 14
482 482 3 1 7 14
483 483 5 1 2 8 9 13
484 484 5 2 4 5 7 8
485 485 6 5 6 7 8 9 16
486 486 3 1 3 6
487 487 2 7 8
488 488 4 2 12 13 14
489 489 5 1 2 4 9 15
490 490 4 1 8 10 12
491 491 6 3 4 9 11 12 14
492 492 5 1 2 8 10 14
493 493 6 4 7 8 9 13 15
494 494 4 9 11 13 15
495 495 2 15 16
496 496 6 2 5 8 9 14 15
497 497 4 11 12 15 16
498 498 5 4 6 7 8 14
499 499 5 1 8 10 11 15
500 500 3 1 4 11
501 501 5 1 2 9 10 11
502 502 5 1 6 10 15 16
503 503 3 8 9 16
504 504 2 1 7
505 505 3 1 8 11
506 506 4 1 7 12 14
507 507 6 3 4 5 7 8 12
508 508 5 1 5 7 9 15
509 509 2 12 14
510 510 6 2 5 10 13 14 15
511 511 4 1 3 4 8
512 512 2 10 12
513 513 6 5 6 9 10 11 13
514 514 5 2 5 8 9 14
515 515 3 8 12 15
516 516 3 2 5 9
517 517 6 1 5 6 10 12 16
518 518 4 3 11 12 14
519 519 2 13 15
520 520 5 1 2 5 7 12
521 521 2 12 16
522 522 3 5 7 9
523 523 6 1 7 10 11 14 15
524 524 6 1 3 11 13 15 16
525 525 2 4 8
526 526 5 2 6 10 14 15
527 527 6 2 6 7 9 12 16
528 528 3 1 8 15
529 529 5 5 7 9 13 16
530 530 6 4 9 10 13 14 15
531 531 3 9 10 16
532 532 4 2 4 13 15
533 533 6 1 4 6 11 12 16
534 534 4 5 7 11 16
535 535 3 1 4 14
536 536 5 5 7 10 11 12
537 537 4 1 4 9 11
538 538 3 8 9 10
539 539 4 1 3 6 10
540 540 2 7 11
541 541 5 1 5 13 14 16
542 542 3 3 8 13
543 543 4 1 2 7 16
544 544 4 3 6 9 11
545 545 3 4 11 13
546 546 6 3 4 10 12 15 16
547 547 6 1 4 7 9 13 16
548 548 2 3 12
549 549 3 3 9 16
550 550 2 1 11
551 551 6 1 6 7 8 14 15
552 552 5 1 4 7 8 15
553 553 6 3 4 7 14 15 16
554 554 3 10 11 14
555 555 6 1 2 3 4 6 10
556 556 5 2 7 8 10 16
557 557 5 2 7 12 15 16
558 558 2 1 12
559 559 5 6 8 9 15 16
560 560 2 8 11
561 561 4 1 4 6 9
562 562 6 1 10 13 14 15 16
563 563 3 7 12 16
564 564 5 2 3 4 12 13
565 565 4 4 5 10 13
566 566 6 5 10 11 13 14 15
567 567 4 8 9 11 15
568 568 2 4 6
569 569 5 7 9 10 11 12
570 570 3 4 8 12
571 571 5 6 9 10 12 15
572 572 3 4 8 13
573 573 6 3 4 5 10 12 13
574 574 5 3 9 10 13 16
575 575 4 4 7 9 12
576 576 4 1 4 8 12
577 577 4 1 2 6 13
578 578 6 6 8 9 10 13 14
579 579 2 5 11
580 580 5 1 2 5 10 16
581 581 4 4 6 11 15
582 582 5 3 5 6 10 11
583 583 5 3 4 8 9 12
584 584 5 4 6 8 15 16
585 585 2 12 13
586 586 4 3 9 10 14
587 587 3 6 10 13
588 588 4 6 12 14 15
589 589 5 1 3 5 7 8
590 590 4 1 3 5 11
591 591 4 1 5 6 8
592 592 2 2 4
593 593 6 4 6 8 9 12 13
594 594 2 2 12
595 595 3 10 13 14
596 596 4 6 7 8 15
597 597 2 4 16
598 598 5 1 2 4 5 16
599 599 6 1 3 8 10 12 13
600 600 6 1 8 9 11 12 15
601 601 4 1 2 10 14
602 602 4 1 6 7 16
603 603 5 6 8 12 13 16
604 604 5 1 2 5 8 15
605 605 5 1 4 6 10 11
606 606 2 3 11
607 607 3 6 13 16
608 608 5 7 8 12 14 16
609 609 6 2 3 5 8 9 14
610 610 2 9 13
611 611 3 8 11 15
612 612 5 1 8 9 13 14
613 613 2 5 15
614 614 6 2 3 8 9 10 13
615 615 5 1 5 6 12 16
616 616 4 4 10 11 14
617 617 5 2 6 7 11 16
618 618 5 2 6 9 11 15
619 619 4 4 9 10 15
620 620 4 1 4 9 15
621 621 5 3 9 10 13 15
622 622 6 2 6 7 12 13 15
623 623 4 7 12 14 16
624 624 2 2 10
625 625 2 3 8
626 626 5 4 5 13 15 16
627 627 2 2 10
628 628 3 5 6 10
629 629 2 3 14
630 630 6 2 7 9 11 13 16
631 631 4 2 3 13 15
632 632 6 1 2 5 6 8 15
633 633 6 5 6 8 10 13 14
634 634 5 2 5 10 11 13
635 635 5 1 6 11 15 16
636 636 6 1 5 8 10 12 13
637 637 5 2 5 6 8 9
638 638 4 3 5 6 9
639 639 2 1 11
640 640 3 9 14 15
641 641 2 1 4
642 642 2 3 14
643 643 4 8 9 12 16
644 644 4 2 8 11 13
645 645 3 2 7 14
646 646 2 4 6
647 647 2 8 16
648 648 2 8 11
649 649 6 1 3 5 8 9 16
650 650 6 3 10 11 13 14 15
651 651 2 5 16
652 652 4 7 11 14 15
653 653 4 5 9 10 14
654 654 6 3 5 8 9 11 16
655 655 5 1 2 8 9 13
656 656 3 4 13 16
657 657 6 3 5 11 12 13 15
658 658 2 12 15
659 659 2 6 16
660 660 4 2 3 13 14
661 661 6 1 4 8 12 14 16
662 662 4 4 5 14 15
663 663 2 5 14
664 664 6 1 3 4 5 7 11
665 665 4 3 6 14 15
666 666 5 3 6 11 14 15
667 667 2 7 12
668 668 6 1 7 8 9 12 14
669 669 3 1 15 16
670 670 3 4 8 14
671 671 2 7 15
672 672 5 2 10 11 15 16
673 673 4 2 4 8 14
674 674 2 1 9
675 675 4 2 11 15 16
676 676 3 1 7 8
677 677 6 2 4 9 12 15 16
678 678 3 8 12 14
679 679 6 1 4 5 8 11 13
680 680 2 4 10
681 681 6 1 4 5 12 13 16
682 682 2 15 16
683 683 2 6 7
684 684 4 1 2 3 7
685 685 6 4 5 6 7 11 12
686 686 5 1 5 7 11 12
687 687 3 2 6 12
688 688 3 7 10 16
689 689 3 1 10 14
690 690 4 3 5 13 16
691 691 3 2 6 16
692 692 5 2 6 11 13 15
693 693 6 2 3 5 7 12 15
694 694 6 1 4 6 13 14 15
695 695 5 1 2 5 12 16
696 696 5 6 9 11 13 16
697 697 2 1 15
698 698 4 4 7 10 14
699 699 3 11 12 16
700 700 2 14 15
701 701 6 2 7 10 11 15 16
702 702 3 3 4 12
703 703 3 5 6 12
704 704 5 2 3 9 12 15
705 705 3 2 3 5
706 706 5 2 3 6 9 13
707 707 5 1 6 7 10 12
708 708 5 2 4 7 9 16
709 709 3 4 5 16
710 710 5 1 7 9 11 12
711 711 2 2 13
712 712 5 1 4 7 13 15
713 713 4 7 8 15 16
714 714 5 4 8 9 12 16
715 715 5 3 4 5 8 10
716 716 4 3 4 10 16
717 717 3 1 8 11
718 718 6 1 2 5 9 11 14
719 719 2 2 8
720 720 4 2 3 6 15
721 721 4 7 8 10 11
722 722 5 2 3 4 7 15
723 723 4 5 9 10 14
724 724 2 5 8
725 725 6 1 3 8 11 15 16
726 726 3 3 4 15
727 727 6 4 8 9 10 12 16
728 728 6 1 2 3 9 11 16
729 729 2 14 16
730 730 5 2 6 9 10 14
731 731 5 6 8 11 13 15
732 732 2 4 6
733 733 5 1 2 7 10 11
734 734 5 10 11 13 14 16
735 735 5 1 2 3 6 7
736 736 2 1 9
737 737 2 6 16
738 738 5 1 3 4 6 15
739 739 4 7 8 10 13
740 740 5 7 8 12 13 16
741 741 3 3 10 11
742 742 4 1 8 10 12
743 743 2 6 16
744 744 6 1 3 4 7 12 16
745 745 5 1 5 6 9 15
746 746 3 1 2 14
747 747 2 10 15
748 748 6 2 4 7 8 10 13
749 749 6 2 4 5 6 8 14
750 750 2 3 11
751 751 3 5 7 12
752 752 6 3 4 5 9 11 14
753 753 3 3 7 9
754 754 3 7 9 10
755 755 5 1 2 10 13 15
756 756 6 2 6 8 10 15 16
757 757 2 3 5
758 758 3 5 6 14
759 759 4 1 5 10 15
760 760 6 1 3 4 12 15 16
761 761 2 5 15
762 762 5 1 2 7 8 9
763 763 6 6 8 9 10 15 16
764 764 4 2 3 5 11
765 765 2 12 15
766 766 6 2 3 8 9 14 16
767 767 3 2 3 5
768 768 6 3 4 5 6 12 16
769 769 6 1 4 5 7 11 13
770 770 5 2 10 12 13 14
771 771 6 1 5 9 13 15 16
772 772 3 1 2 11
773 773 2 3 16
774 774 5 1 8 10 12 16
775 775 3 6 13 16
776 776 5 6 8 11 14 16
777 777 5 5 8 9 12 14
778 778 6 4 5 6 9 13 16
779 779 5 2 7 10 14 16
780 780 2 8 16
781 781 4 3 7 13 15
782 782 6 4 5 8 9 11 15
783 783 4 3 7 13 14
784 784 6 2 10 12 13 15 16
785 785 3 5 10 14
786 786 6 1 5 7 8 15 16
787 787 2 5 11
788 788 2 2 11
789 789 6 1 2 7 8 9 16
790 790 6 1 2 6 10 12 13
791 791 6 3 4 5 6 12 15
792 792 2 3 11
793 793 3 4 9 16
794 794 5 1 2 4 6 10
795 795 6 1 2 9 10 13 16
796 796 6 4 11 12 14 15 16
797 797 4 11 12 13 16
798 798 3 5 11 12
799 799 2 5 9
800 800 3 4 9 14
801 801 5 4 6 7 12 15
802 802 2 12 16
803 803 4 1 2 6 8
804 804 6 3 4 5 7 12 16
805 805 6 2 5 7 9 12 16
806 806 3 3 8 9
807 807 6 3 7 9 13 14 15
808 808 5 2 7 10 14 15
809 809 2 1 7
810 810 6 1 2 5 8 10 14
811 811 3 7 12 14
812 812 5 2 7 9 10 16
813 813 6 6 7 11 13 14 16
814 814 5 2 3 5 10 13
815 815 6 4 6 7 9 10 15
816 816 4 2 5 13 16
817 817 4 3 8 12 16
818 818 5 2 6 8 13 15
819 819 2 7 10
820 820 4 5 11 15 16
821 821 2 5 7
822 822 2 2 8
823 823 5 3 6 12 13 16
824 824 6 2 4 6 9 15 16
825 825 4 1 5 7 15
826 826 4 4 7 8 15
827 827 5 1 5 6 8 11
828 828 4 1 8 11 16
829 829 3 2 6 7
830 830 5 3 6 10 11 15
831 831 5 5 6 10 11 13
832 832 5 4 5 7 12 16
833 833 3 7 11 16
834 834 2 2 7
835 835 4 1 4 5 14
836 836 4 6 8 11 12
837 837 3 4 10 12
838 838 6 2 3 4 9 11 16
839 839 3 3 8 13
840 840 4 2 6 9 15
841 841 3 4 7 8
842 842 6 3 9 12 13 14 15
843 843 5 3 5 9 11 15
844 844 5 4 8 9 13 14
845 845 5 3 4 7 9 12
846 846 6 1 2 4 6 10 16
847 847 6 5 6 7 8 12 15
848 848 4 5 10 12 16
849 849 3 3 4 15
850 850 5 5 7 8 11 13
851 851 5 4 6 7 11 12
852 852 4 8 9 13 14
853 853 3 6 11 16
854 854 3 1 7 13
855 855 6 2 3 4 10 12 14
856 856 6 1 2 4 8 13 16
857 857 6 2 5 8 11 14 16
858 858 2 4 13
859 859 5 1 7 8 10 16
860 860 6 1 3 7 9 14 16
861 861 2 4 14
862 862 4 4 10 11 12
863 863 2 1 5
864 864 4 4 6 7 13
865 865 4 4 9 11 16
866 866 6 3 5 8 13 15 16
867 867 3 10 11 12
868 868 5 1 2 4 12 16
869 869 3 8 12 14
870 870 2 10 11
871 871 5 2 3 12 13 15
872 872 2 5 9
873 873 6 5 7 9 10 13 16
874 874 2 12 14
875 875 3 1 11 14
876 876 6 4 7 8 11 12 16
877 877 4 2 4 8 12
878 878 2 2 14
879 879 6 6 7 10 11 12 13
880 880 2 3 10
881 881 6 1 2 3 8 9 13
882 882 6 3 4 8 9 10 13
883 883 3 2 5 14
884 884 3 3 10 15
885 885 5 5 8 10 13 16
886 886 6 4 7 8 9 11 14
887 887 5 5 10 12 14 16
888 888 5 4 6 9 13 16
889 889 6 2 3 4 8 10 14
890 890 4 10 12 15 16
891 891 3 4 7 16
892 892 5 2 4 6 10 14
893 893 5 3 9 11 12 15
894 894 4 4 14 15 16
895 895 4 6 7 10 14
896 896 3 6 8 16
897 897 4 3 6 15 16
898 898 2 12 14
899 899 3 1 4 10
900 900 5 3 6 8 10 16
901 901 2 1 8
902 902 3 6 7 8
903 903 5 1 3 7 10 13
904 904 3 2 4 5
905 905 5 3 11 12 13 15
906 906 6 1 2 7 12 14 15
907 907 5 1 8 10 13 16
908 908 3 4 13 16
909 909 3 1 7 14
910 910 2 8 14
911 911 3 5 6 15
912 912 3 2 8 12
913 913 3 1 4 14
914 914 5 2 6 8 12 16
915 915 3 4 6 16
916 916 4 7 8 10 11
917 917 6 1 2 9 12 13 16
918 918 6 8 9 10 14 15 16
919 919 3 3 5 13
920 920 6 1 5 6 8 13 15
921 921 2 1 7
922 922 2 5 10
923 923 6 4 6 7 8 13 16
924 924 3 1 6 12
925 925 5 1 2 5 7 15
926 926 2 4 14
927 927 2 5 12
928 928 4 4 6 10 16
929 929 6 1 4 7 11 14 16
930 930 5 2 3 6 14 16
931 931 4 1 3 6 10
932 932 2 9 11
933 933 5 2 4 5 7 13
934 934 6 3 7 8 9 10 13
935 935 4 4 6 8 11
936 936 3 5 13 14
937 937 3 1 3 4
938 938 2 4 11
939 939 5 2 8 11 14 15
940 940 2 2 11
941 941 3 2 7 16
942 942 3 3 7 14
943 943 2 2 16
944 944 2 4 9
945 945 3 2 13 16
946 946 3 6 12 16
947 947 2 4 8
948 948 3 5 6 13
949 949 5 9 12 13 14 15
950 950 3 2 13 15
951 951 4 2 6 15 16
952 952 6 2 6 10 12 13 16
953 953 4 3 6 8 9
954 954 4 9 12 14 16
955 955 2 5 11
956 956 2 10 12
957 957 5 2 6 8 12 15
958 958 6 3 5 9 12 15 16
959 959 2 1 6
960 960 5 2 3 11 12 13
961 961 2 4 13
962 962 3 2 4 11
963 963 3 3 8 11
964 964 5 7 8 10 13 16
965 965 6 1 3 4 6 9 11
966 966 5 5 6 10 11 14
967 967 3 6 9 13
968 968 2 5 13
969 969 2 2 6
970 970 3 5 7 12
971 971 6 4 5 11 12 13 14
972 972 3 2 8 14
973 973 3 2 4 9
974 974 3 5 14 15
975 975 4 4 5 11 16
976 976 5 2 4 11 12 14
977 977 6 2 6 7 8 13 14
978 978 3 4 10 16
979 979 6 1 2 10 11 12 14
980 980 5 1 3 4 12 13
981 981 2 4 7
982 982 5 2 4 7 9 10
983 983 2 1 13
984 984 4 4 5 11 14
985 985 5 2 9 11 13 15
986 986 6 1 4 6 12 14 16
987 987 2 9 14
988 988 4 4 6 7 14
989 989 3 6 7 15
990 990 2 7 12
991 991 3 5 7 12
992 992 2 7 11
993 993 3 11 13 16
994 994 5 5 6 10 13 15
995 995 4 3 6 13 15
996 996 5 7 8 12 13 16
997 997 2 3 10
998 998 4 3 6 7 10
999 999 6 1 3 11 12 14 16
1000 1000 2 4 9
