1 1 4 5 8 12 13
2 2 6 10 11 12 13 14 16
3 3 6 3 4 5 12 13 14
4 4 6 1 8 11 12 15 17
5 5 2 14 18
6 6 6 1 3 7 8 9 14
7 7 6 6 7 9 13 16 17
8 8 2 4 9
9 9 3 4 8 15
10 10 5 10 11 12 15 16
11 11 5 2 5 6 10 11
12 12 7 1 3 4 6 8 9 12
13 13 7 4 8 10 13 14 16 18
14 14 4 7 8 13 16
15 15 3 3 6 8
16 16 6 2 3 5 6 13 14
17 17 6 2 3 7 8 13 16
18 18 2 5 6
19 19 4 6 7 12 15
20 20 5 3 5 13 16 18
21 21 5 2 6 9 13 18
22 22 4 1 3 7 15
23 23 3 7 11 18
24 24 4 3 5 14 18
25 25 3 1 15 18
26 26 3 8 11 13
27 27 2 3 5
28 28 5 3 6 12 15 17
29 29 4 5 6 13 16
30 30 5 1 3 7 11 15
31 31 7 4 5 11 12 13 14 16
32 32 6 1 2 11 15 16 18
33 33 4 1 5 7 11
34 34 5 2 3 4 5 17
35 35 3 4 11 12
36 36 6 4 6 10 12 13 16
37 37 6 6 8 9 11 14 18
38 38 5 1 6 7 11 14
39 39 2 12 17
40 40 4 9 11 14 17
41 41 2 3 17
42 42 4 1 4 11 15
43 43 5 1 7 8 10 11
44 44 7 4 5 8 9 10 12 16
45 45 3 4 5 16
46 46 5 3 5 14 16 17
47 47 2 6 12
48 48 2 5 11
49 49 2 2 10
50 50 6 1 8 9 10 12 17
51 51 6 1 3 4 11 16 18
52 52 7 1 3 5 13 15 16 18
53 53 3 2 13 14
54 54 7 1 2 4 7 9 12 13
55 55 5 3 5 6 11 17
56 56 6 1 2 8 12 16 18
57 57 4 2 4 6 15
58 58 7 2 3 7 8 10 13 18
59 59 4 10 11 15 17
60 60 3 5 8 14
61 61 5 2 6 7 9 11
62 62 6 5 8 9 11 13 17
63 63 2 17 18
64 64 4 1 4 12 13
65 65 3 3 15 16
66 66 2 12 17
67 67 3 8 11 14
68 68 2 2 15
69 69 6 4 5 9 13 16 17
70 70 5 9 11 13 15 18
71 71 3 4 6 13
72 72 5 2 5 12 13 18
73 73 5 1 7 9 16 17
74 74 5 2 4 9 14 17
75 75 6 1 5 8 10 14 16
76 76 5 2 6 12 16 17
77 77 3 2 7 11
78 78 4 1 2 11 13
79 79 2 7 11
80 80 3 4 12 15
81 81 4 3 6 8 13
82 82 5 9 10 15 16 18
83 83 3 4 9 12
84 84 7 5 8 12 13 15 16 17
85 85 7 1 2 6 12 14 16 17
86 86 6 2 3 6 7 9 13
87 87 4 2 4 14 17
88 88 5 10 11 16 17 18
89 89 2 14 17
90 90 7 3 5 6 8 12 14 16
91 91 7 1 2 5 6 10 16 18
92 92 6 1 2 4 10 12 18
93 93 4 6 8 10 18
94 94 2 4 5
95 95 2 16 18
96 96 6 1 2 3 5 10 18
97 97 2 6 12
98 98 7 1 2 3 10 14 15 18
99 99 4 1 4 6 8
100 100 3 15 16 17
101 101 7 3 6 7 8 9 14 15
102 102 4 3 4 14 16
103 103 7 2 8 11 12 14 16 17
104 104 5 1 4 6 8 17
105 105 7 2 4 6 7 10 11 18
106 106 4 4 6 9 14
107 107 4 3 5 8 14
108 108 2 2 15
109 109 4 3 5 10 16
110 110 3 3 4 5
111 111 5 2 6 11 14 18
112 112 7 1 5 8 9 11 13 15
113 113 7 6 9 10 12 16 17 18
114 114 3 10 13 17
115 115 4 5 12 13 14
116 116 4 4 12 16 17
117 117 5 3 13 14 15 18
118 118 3 6 13 17
119 119 5 1 3 4 7 14
120 120 7 3 4 7 9 11 12 13
121 121 6 3 4 5 10 15 16
122 122 7 1 2 3 5 7 10 17
123 123 6 3 4 5 14 17 18
124 124 6 2 4 10 13 14 16
125 125 5 3 5 6 13 17
126 126 6 3 6 11 14 16 18
127 127 5 2 5 7 8 16
128 128 2 4 9
129 129 3 9 12 18
130 130 4 2 7 11 13
131 131 2 13 17
132 132 5 9 10 11 14 18
133 133 3 3 11 14
134 134 6 3 6 7 9 15 16
135 135 5 6 10 11 17 18
136 136 5 1 4 5 6 14
137 137 4 7 10 12 17
138 138 3 3 5 17
139 139 3 3 11 16
140 140 5 1 7 12 16 17
141 141 5 5 7 10 16 17
142 142 7 1 5 9 11 12 16 17
143 143 4 1 3 9 14
144 144 4 6 7 8 10
145 145 7 2 3 7 10 14 16 18
146 146 4 9 10 16 18
147 147 4 9 10 11 16
148 148 2 1 15
149 149 7 1 3 5 9 11 12 14
150 150 2 7 8
151 151 4 4 8 9 18
152 152 6 1 3 5 9 12 13
153 153 3 4 6 13
154 154 2 13 14
155 155 2 1 11
156 156 2 3 10
157 157 6 2 3 6 10 14 18
158 158 3 8 9 13
159 159 7 1 5 6 10 14 15 16
160 160 7 1 2 3 6 8 17 18
161 161 5 2 3 16 17 18
162 162 7 4 6 7 10 11 12 14
163 163 3 13 15 16
164 164 6 1 3 6 7 10 15
165 165 2 6 10
166 166 4 4 6 8 17
167 167 7 1 2 10 11 14 15 16
168 168 6 2 7 10 14 15 17
169 169 2 4 14
170 170 3 2 14 17
171 171 5 4 9 10 12 17
172 172 4 6 9 11 12
173 173 5 3 7 8 12 16
174 174 4 5 6 9 15
175 175 7 1 5 6 12 13 14 17
176 176 6 1 3 5 12 15 17
177 177 7 1 4 6 8 10 11 13
178 178 7 1 2 3 5 6 10 17
179 179 5 2 5 8 11 14
180 180 2 2 17
181 181 7 1 3 5 11 15 17 18
182 182 3 8 12 13
183 183 4 1 8 15 18
184 184 7 1 3 7 8 11 14 15
185 185 2 4 14
186 186 5 1 2 7 9 17
187 187 3 1 12 13
188 188 4 2 5 6 9
189 189 6 3 9 10 12 14 16
190 190 2 9 16
191 191 2 6 9
192 192 4 4 6 7 16
193 193 2 3 9
194 194 3 8 11 12
195 195 3 2 11 18
196 196 5 3 7 9 10 13
197 197 7 4 6 8 9 10 11 12
198 198 3 7 13 14
199 199 2 9 15
200 200 4 4 6 11 14
201 201 6 5 9 10 14 15 17
202 202 3 12 13 14
203 203 7 2 3 4 6 10 13 15
204 204 2 8 17
205 205 4 5 8 12 14
206 206 5 1 6 8 9 11
207 207 5 1 5 9 14 15
208 208 5 2 4 10 11 13
209 209 6 2 6 12 14 15 16
210 210 4 4 6 9 16
211 211 7 1 9 13 14 15 17 18
212 212 7 3 4 5 8 9 14 16
213 213 5 6 8 10 14 15
214 214 7 1 4 7 10 11 13 17
215 215 5 1 6 8 9 11
216 216 4 1 6 15 16
217 217 3 8 9 15
218 218 6 1 3 4 6 13 15
219 219 2 5 18
220 220 7 4 7 11 13 14 15 16
221 221 3 1 3 17
222 222 2 12 17
223 223 2 3 14
224 224 4 8 9 13 15
225 225 3 6 10 15
226 226 5 1 6 16 17 18
227 227 5 3 7 12 13 18
228 228 3 2 9 16
229 229 7 2 5 6 7 9 12 13
230 230 6 1 4 5 10 11 15
231 231 5 4 6 9 11 18
232 232 5 3 5 14 16 18
233 233 7 2 4 5 7 8 9 16
234 234 2 6 15
235 235 4 1 7 8 12
236 236 4 1 6 11 18
237 237 2 5 16
238 238 6 3 6 10 12 17 18
239 239 3 10 11 18
240 240 5 7 8 9 13 17
241 241 2 9 10
242 242 5 7 8 10 14 15
243 243 2 7 18
244 244 7 1 4 6 8 9 15 18
245 245 6 6 9 12 15 16 17
246 246 4 4 5 16 17
247 247 6 1 6 12 15 16 18
248 248 5 2 8 10 11 12
249 249 7 2 4 10 11 13 14 18
250 250 6 2 11 12 13 17 18
251 251 2 5 12
252 252 5 1 2 6 13 18
253 253 7 2 3 5 6 7 15 16
254 254 7 4 8 9 10 14 16 18
255 255 3 2 16 17
256 256 5 1 10 15 17 18
257 257 5 2 8 10 12 13
258 258 4 4 5 11 18
259 259 6 1 8 10 11 12 16
260 260 3 6 7 9
261 261 7 4 6 7 10 12 13 17
262 262 3 5 9 13
263 263 7 6 8 9 10 13 15 17
264 264 2 9 14
265 265 3 11 13 18
266 266 3 5 6 14
267 267 6 1 3 8 10 13 14
268 268 2 2 4
269 269 5 3 11 12 13 16
270 270 7 4 5 11 12 13 14 18
271 271 6 3 4 10 11 13 18
272 272 7 2 4 7 9 15 16 17
273 273 6 1 7 8 10 14 16
274 274 7 5 7 8 11 12 15 18
275 275 2 12 14
276 276 6 4 6 10 13 14 16
277 277 6 2 8 9 12 13 15
278 278 7 3 9 10 11 13 14 18
279 279 5 4 5 8 13 14
280 280 3 8 13 18
281 281 7 3 4 8 10 11 14 15
282 282 6 1 3 5 11 16 18
283 283 6 4 6 12 13 14 17
284 284 2 3 16
285 285 2 7 16
286 286 2 3 11
287 287 3 12 14 17
288 288 4 4 12 14 17
289 289 4 1 6 9 14
290 290 5 2 3 14 15 16
291 291 4 1 4 5 18
292 292 7 5 9 10 11 12 16 18
293 293 5 2 3 9 14 15
294 294 7 9 10 11 13 16 17 18
295 295 2 13 15
296 296 7 2 5 7 11 16 17 18
297 297 2 6 18
298 298 4 1 2 4 5
299 299 4 4 11 13 16
300 300 2 4 9
301 301 5 4 8 10 13 14
302 302 2 8 15
303 303 5 3 12 13 17 18
304 304 6 1 8 10 12 13 18
305 305 2 3 16
306 306 5 3 4 5 9 18
307 307 3 1 13 15
308 308 5 8 10 12 15 17
309 309 5 2 8 9 10 16
310 310 7 2 4 8 11 12 16 18
311 311 6 2 6 10 13 14 15
312 312 6 7 8 12 13 14 17
313 313 2 14 15
314 314 6 4 5 9 12 13 16
315 315 6 3 6 11 14 16 17
316 316 6 2 4 12 13 15 18
317 317 7 1 5 8 9 11 13 16
318 318 5 6 8 9 10 14
319 319 2 2 4
320 320 4 4 13 15 18
321 321 4 1 9 13 16
322 322 5 4 10 12 13 15
323 323 5 1 4 14 17 18
324 324 3 3 4 12
325 325 7 2 5 10 11 15 16 18
326 326 7 1 4 8 10 11 13 15
327 327 6 2 4 6 8 12 14
328 328 3 3 7 17
329 329 7 1 3 4 8 9 13 18
330 330 2 11 14
331 331 3 4 10 12
332 332 4 5 7 14 16
333 333 6 3 6 7 9 11 12
334 334 4 4 13 15 17
335 335 7 2 6 7 9 12 14 15
336 336 4 1 6 12 13
337 337 5 1 8 10 17 18
338 338 2 3 15
339 339 7 1 4 5 8 10 13 14
340 340 4 5 7 9 14
341 341 2 1 18
342 342 4 1 2 3 10
343 343 4 1 2 4 16
344 344 7 1 10 11 12 13 14 18
345 345 3 4 14 15
346 346 7 1 6 7 8 10 17 18
347 347 4 1 5 14 16
348 348 6 3 7 8 12 16 18
349 349 2 4 15
350 350 2 14 18
351 351 3 4 8 18
352 352 3 9 11 18
353 353 2 7 10
354 354 7 2 5 6 7 8 9 14
355 355 7 3 4 7 10 16 17 18
356 356 5 5 7 13 16 18
357 357 2 9 12
358 358 6 1 2 6 12 14 16
359 359 7 2 6 8 9 10 14 15
360 360 4 5 8 15 18
361 361 5 2 4 10 12 17
362 362 4 3 6 9 15
363 363 4 2 3 4 12
364 364 7 1 2 8 10 12 14 16
365 365 3 6 13 18
366 366 7 1 3 4 6 10 12 15
367 367 2 2 4
368 368 2 1 4
369 369 4 2 4 7 14
370 370 5 2 3 4 9 14
371 371 2 1 8
372 372 5 1 7 9 10 11
373 373 7 2 3 5 7 8 13 16
374 374 2 2 15
375 375 5 3 9 10 11 17
376 376 2 4 6
377 377 2 7 12
378 378 3 5 6 13
379 379 6 2 4 5 8 10 18
380 380 6 1 2 6 8 11 14
381 381 4 8 10 16 18
382 382 2 6 11
383 383 7 2 5 6 12 15 17 18
384 384 6 2 5 8 11 12 13
385 385 7 1 2 9 12 14 17 18
386 386 7 1 2 3 5 6 10 14
387 387 5 3 6 8 13 14
388 388 5 1 4 6 11 16
389 389 6 3 5 8 10 12 15
390 390 2 8 13
391 391 3 8 13 17
392 392 7 2 3 11 12 14 15 16
393 393 3 2 9 13
394 394 4 5 7 8 13
395 395 5 1 2 7 10 17
396 396 3 3 5 18
397 397 3 2 8 17
398 398 6 4 6 8 10 14 15
399 399 4 2 8 10 16
400 400 2 10 18
401 401 3 5 10 14
402 402 3 2 11 12
403 403 6 1 6 10 13 17 18
404 404 6 1 3 9 14 15 16
405 405 3 1 13 15
406 406 5 2 3 9 11 16
407 407 6 4 8 9 10 13 17
408 408 5 2 5 8 10 15
409 409 5 1 4 5 10 14
410 410 7 1 3 5 6 8 14 15
411 411 6 5 10 13 14 17 18
412 412 7 1 2 9 10 14 15 18
413 413 2 10 11
414 414 2 1 13
415 415 7 3 11 12 14 15 16 17
416 416 3 3 7 14
417 417 2 8 11
418 418 7 1 4 6 9 11 12 13
419 419 2 7 13
420 420 2 16 17
421 421 2 10 11
422 422 4 1 2 4 10
423 423 4 10 12 13 17
424 424 4 7 10 12 13
425 425 3 10 16 18
426 426 6 1 5 10 15 16 18
427 427 4 9 12 16 17
428 428 3 1 7 8
429 429 2 2 5
430 430 7 4 5 6 11 14 15 18
431 431 2 6 12
432 432 6 1 3 11 12 13 16
433 433 6 1 5 9 10 12 14
434 434 4 5 7 13 16
435 435 6 1 5 10 11 15 17
436 436 5 1 11 13 14 18
437 437 6 1 3 6 11 17 18
438 438 7 2 4 5 7 13 15 16
439 439 4 1 3 6 9
440 440 5 3 6 10 11 14
441 441 4 2 8 11 17
442 442 3 4 10 11
443 443 7 3 5 6 10 16 17 18
444 444 6 1 5 6 9 13 16
445 445 4 5 9 14 17
446 446 6 1 2 10 11 15 17
447 447 3 5 6 11
448 448 7 3 4 6 11 13 15 16
449 449 6 6 10 12 13 14 18
450 450 5 1 3 4 8 18
451 451 4 2 7 9 10
452 452 7 1 5 7 11 12 15 16
453 453 7 1 3 7 13 14 15 16
454 454 4 5 7 11 15
455 455 3 4 5 16
456 456 6 1 2 6 8 11 18
457 457 4 4 14 17 18
458 458 3 1 9 17
459 459 4 1 6 11 18
460 460 6 7 9 11 12 13 15
461 461 3 14 17 18
462 462 2 3 8
463 463 2 4 11
464 464 3 2 3 11
465 465 3 2 5 6
466 466 6 3 5 8 11 15 16
467 467 3 6 11 17
468 468 2 3 15
469 469 4 1 4 6 16
470 470 4 6 12 15 17
471 471 4 6 10 14 16
472 472 6 9 10 11 14 15 17
473 473 2 3 5
474 474 6 3 4 11 14 15 18
475 475 7 2 5 7 8 11 12 13
476 476 7 1 5 10 14 15 16 18
477 477 5 3 5 12 13 14
478 478 4 3 7 11 16
479 479 3 4 7 14
480 480 5 9 10 12 13 14
481 481 2 5 11
482 482 3 7 10 16
483 483 7 5 6 8 11 13 17 18
484 484 6 1 3 6 11 12 17
485 485 4 8 14 15 17
486 486 2 12 18
487 487 2 6 15
488 488 3 2 8 11
489 489 7 1 5 8 11 15 17 18
490 490 5 6 7 12 13 15
491 491 7 3 4 5 10 12 15 16
492 492 2 3 9
493 493 5 9 10 11 15 16
494 494 2 8 16
495 495 4 6 7 10 13
496 496 5 3 5 9 12 18
497 497 6 1 2 3 5 7 11
498 498 5 2 7 11 16 18
499 499 7 1 2 3 8 11 15 16
500 500 6 5 6 7 12 15 16
501 501 5 1 7 8 11 12
502 502 3 4 8 11
503 503 3 1 4 11
504 504 3 10 12 16
505 505 5 6 9 11 12 18
506 506 5 10 11 12 13 15
507 507 5 5 9 14 15 16
508 508 3 3 11 12
509 509 2 7 17
510 510 5 1 10 12 13 15
511 511 6 2 6 7 10 14 17
512 512 6 2 6 7 10 14 16
513 513 6 1 3 12 13 16 17
514 514 3 5 7 9
515 515 7 2 8 10 11 15 16 17
516 516 4 5 7 10 18
517 517 6 1 2 9 10 11 18
518 518 5 1 3 10 16 18
519 519 2 9 18
520 520 3 1 5 12
521 521 2 5 16
522 522 3 4 7 15
523 523 4 1 2 14 18
524 524 2 15 16
525 525 2 1 4
526 526 3 6 10 18
527 527 4 1 4 7 10
528 528 4 1 6 11 14
529 529 3 4 9 12
530 530 3 8 11 17
531 531 4 4 8 10 13
532 532 6 1 3 7 9 13 14
533 533 4 6 10 12 16
534 534 2 12 16
535 535 2 5 13
536 536 2 7 15
537 537 6 2 6 11 12 14 18
538 538 5 5 6 9 10 11
539 539 2 11 15
540 540 6 1 5 6 7 9 12
541 541 7 2 6 8 11 12 13 18
542 542 6 5 9 10 12 16 17
543 543 3 2 4 15
544 544 3 1 13 14
545 545 7 2 4 6 8 12 16 18
546 546 7 3 4 10 11 12 13 18
547 547 4 3 12 16 18
548 548 5 2 6 10 12 15
549 549 7 2 6 7 10 14 16 17
550 550 6 8 9 12 15 16 18
551 551 7 5 6 9 10 12 17 18
552 552 4 1 3 6 14
553 553 4 1 4 7 17
554 554 2 1 4
555 555 5 4 11 14 15 17
556 556 3 1 15 18
557 557 6 4 5 8 15 16 18
558 558 7 1 2 4 5 14 15 17
559 559 7 2 6 7 13 15 17 18
560 560 5 3 4 9 10 11
561 561 2 6 12
562 562 6 2 3 7 9 10 18
563 563 6 5 9 10 15 16 17
564 564 2 12 13
565 565 6 3 9 10 11 13 14
566 566 6 2 5 6 11 16 18
567 567 5 5 10 11 12 18
568 568 5 3 5 9 17 18
569 569 4 4 7 11 17
570 570 3 9 12 14
571 571 6 6 8 11 12 17 18
572 572 4 1 2 15 17
573 573 4 5 9 10 13
574 574 3 3 9 10
575 575 7 3 4 7 8 11 14 16
576 576 5 1 7 9 15 18
577 577 3 11 14 15
578 578 5 2 3 5 10 14
579 579 4 3 6 8 9
580 580 4 2 6 11 16
581 581 5 1 4 9 10 13
582 582 4 12 15 17 18
583 583 3 3 5 17
584 584 3 1 12 18
585 585 2 1 13
586 586 3 3 4 15
587 587 2 6 17
588 588 3 2 3 13
589 589 3 4 5 8
590 590 7 1 3 4 8 10 12 16
591 591 7 3 4 6 11 16 17 18
592 592 7 3 4 6 9 12 13 18
593 593 3 2 11 18
594 594 6 6 7 8 13 15 16
595 595 4 6 10 13 17
596 596 5 1 2 6 9 12
597 597 2 2 16
598 598 5 1 3 4 7 11
599 599 4 3 7 13 16
600 600 5 3 6 11 12 17
601 601 7 2 5 7 8 10 16 17
602 602 3 6 12 17
603 603 5 4 5 6 8 12
604 604 2 4 11
605 605 5 4 5 9 12 15
606 606 7 3 4 6 8 11 13 15
607 607 5 2 5 9 14 16
608 608 5 5 8 11 13 14
609 609 7 2 3 4 7 12 13 15
610 610 3 5 15 16
611 611 5 1 3 6 13 15
612 612 2 4 18
613 613 2 9 16
614 614 3 2 3 7
615 615 2 1 4
616 616 6 5 6 7 8 10 12
617 617 6 7 8 11 13 15 18
618 618 6 2 9 11 12 15 16
619 619 7 2 4 6 7 8 9 18
620 620 4 1 16 17 18
621 621 3 3 10 14
622 622 5 6 8 10 13 18
623 623 6 1 6 8 11 12 14
624 624 7 1 2 3 4 12 13 14
625 625 6 5 7 10 12 14 15
626 626 7 6 8 9 10 12 14 16
627 627 6 3 5 8 10 14 16
628 628 7 1 3 4 5 6 16 18
629 629 6 3 4 7 12 13 14
630 630 6 3 5 7 11 14 16
631 631 3 1 10 16
632 632 3 7 11 16
633 633 6 2 7 8 11 12 13
634 634 6 1 3 10 14 15 16
635 635 5 1 3 4 9 15
636 636 6 4 9 10 14 15 17
637 637 3 1 14 15
638 638 5 5 7 11 14 15
639 639 7 3 4 6 11 12 13 14
640 640 5 4 5 12 16 17
641 641 2 3 10
642 642 2 1 9
643 643 7 2 4 7 9 11 12 13
644 644 5 3 5 11 14 17
645 645 7 1 3 11 12 13 14 18
646 646 2 9 14
647 647 3 2 13 17
648 648 6 1 2 5 7 10 16
649 649 7 3 5 7 11 12 17 18
650 650 2 6 12
651 651 5 4 7 9 13 15
652 652 5 9 10 12 13 14
653 653 4 7 15 16 18
654 654 3 4 12 13
655 655 3 14 15 18
656 656 3 2 3 6
657 657 2 14 17
658 658 7 2 6 7 10 14 17 18
659 659 2 11 16
660 660 5 2 6 8 9 18
661 661 3 3 9 17
662 662 7 2 5 7 9 14 15 17
663 663 6 5 8 11 12 15 16
664 664 6 3 9 11 14 15 17
665 665 5 3 5 9 11 14
666 666 4 5 7 11 18
667 667 7 3 5 6 9 10 13 14
668 668 3 1 12 15
669 669 7 1 3 4 5 7 11 15
670 670 4 9 10 14 16
671 671 5 4 11 13 15 18
672 672 2 11 17
673 673 3 5 12 14
674 674 7 5 6 7 9 11 15 16
675 675 5 4 9 10 15 17
676 676 5 3 7 11 14 17
677 677 7 6 9 10 12 13 15 18
678 678 2 8 11
679 679 3 3 4 13
680 680 5 3 6 10 13 15
681 681 6 1 2 5 7 13 16
682 682 7 1 3 10 11 12 15 18
683 683 3 1 4 14
684 684 3 7 9 13
685 685 2 6 10
686 686 7 1 8 9 10 11 15 17
687 687 7 4 5 6 12 15 16 18
688 688 4 2 9 10 13
689 689 7 2 3 10 13 15 17 18
690 690 7 4 6 9 10 13 14 17
691 691 4 5 8 14 18
692 692 6 1 7 9 14 16 18
693 693 4 3 4 11 17
694 694 6 1 3 4 6 16 18
695 695 3 8 13 16
696 696 4 3 5 6 16
697 697 3 7 8 18
698 698 4 8 10 13 14
699 699 5 2 6 10 17 18
700 700 5 2 4 5 9 17
701 701 3 11 12 13
702 702 3 1 7 14
703 703 5 3 5 9 11 16
704 704 4 4 8 11 15
705 705 3 5 9 14
706 706 3 14 15 16
707 707 3 7 10 11
708 708 3 5 8 12
709 709 6 2 4 6 9 11 12
710 710 7 1 10 11 12 13 14 17
711 711 7 1 3 7 10 11 12 15
712 712 3 3 7 17
713 713 4 7 8 9 13
714 714 7 2 5 6 10 11 15 16
715 715 2 6 8
716 716 5 5 10 11 16 18
717 717 3 1 16 18
718 718 7 6 7 9 12 13 16 17
719 719 2 4 5
720 720 3 9 11 15
721 721 4 4 10 13 15
722 722 6 4 7 11 12 15 16
723 723 5 5 11 15 17 18
724 724 2 3 7
725 725 2 1 10
726 726 7 1 6 7 12 13 14 18
727 727 7 1 3 6 7 10 11 13
728 728 5 4 5 7 11 13
729 729 2 9 13
730 730 3 3 10 12
731 731 2 11 18
732 732 5 6 12 15 16 18
733 733 6 1 4 8 9 16 18
734 734 4 1 7 8 12
735 735 5 1 4 14 16 18
736 736 2 6 15
737 737 7 6 7 8 9 12 14 17
738 738 3 2 8 13
739 739 4 2 9 10 13
740 740 2 8 13
741 741 5 4 5 10 14 16
742 742 6 2 5 7 8 13 14
743 743 6 1 2 3 4 6 15
744 744 5 7 8 15 16 17
745 745 2 8 15
746 746 3 4 7 10
747 747 7 1 2 5 13 15 17 18
748 748 6 1 3 6 8 15 16
749 749 6 6 8 13 14 15 17
750 750 2 4 13
751 751 5 1 10 12 15 17
752 752 5 2 9 12 13 14
753 753 6 2 4 5 6 10 17
754 754 3 1 16 17
755 755 5 5 6 12 17 18
756 756 2 7 18
757 757 4 5 9 15 18
758 758 2 1 15
759 759 2 12 13
760 760 7 2 4 13 14 15 16 17
761 761 3 2 11 18
762 762 2 2 17
763 763 6 2 4 5 6 7 11
764 764 3 4 13 18
765 765 6 2 3 4 7 9 10
766 766 6 7 9 10 11 14 17
767 767 5 3 6 8 11 13
768 768 4 1 7 11 15
769 769 6 6 8 11 13 16 18
770 770 2 1 8
771 771 3 12 16 18
772 772 6 1 4 5 7 13 18
773 773 4 4 5 6 11
774 774 4 6 12 13 17
775 775 6 1 3 5 7 12 14
776 776 4 4 5 7 14
777 777 6 2 5 6 8 10 17
778 778 7 2 3 10 14 15 16 17
779 779 7 2 6 7 10 14 16 18
780 780 4 15 16 17 18
781 781 5 3 7 8 14 15
782 782 4 4 12 15 18
783 783 7 4 5 6 7 11 12 13
784 784 6 3 8 11 13 15 17
785 785 2 4 14
786 786 7 3 6 7 9 10 11 13
787 787 6 2 6 7 8 10 12
788 788 6 1 2 3 4 7 10
789 789 5 2 4 6 7 12
790 790 3 6 10 13
791 791 6 1 4 6 11 12 13
792 792 4 6 7 15 16
793 793 7 2 3 5 10 13 14 16
794 794 3 4 5 13
795 795 5 1 6 9 10 16
796 796 5 1 5 7 14 18
797 797 6 2 4 7 8 9 17
798 798 2 11 15
799 799 4 3 14 15 16
800 800 6 2 3 5 9 11 12
801 801 5 6 7 9 10 13
802 802 3 5 11 13
803 803 6 4 5 8 11 14 16
804 804 6 1 3 5 6 8 10
805 805 2 8 18
806 806 2 4 9
807 807 7 5 6 10 12 14 15 16
808 808 5 1 4 5 8 16
809 809 6 2 3 7 11 13 16
810 810 3 5 13 15
811 811 4 1 3 10 15
812 812 2 1 8
813 813 4 4 7 13 16
814 814 2 10 17
815 815 4 13 14 15 18
816 816 3 11 12 16
817 817 7 5 9 10 12 13 15 17
818 818 6 1 3 4 6 13 18
819 819 2 6 7
820 820 4 6 8 17 18
821 821 2 13 14
822 822 6 3 6 11 13 17 18
823 823 3 10 13 15
824 824 7 1 4 5 8 9 13 16
825 825 4 5 6 7 18
826 826 5 5 9 14 15 16
827 827 3 5 13 18
828 828 3 1 2 6
829 829 4 2 8 15 17
830 830 5 1 10 12 15 18
831 831 4 6 7 11 13
832 832 2 7 12
833 833 3 3 6 18
834 834 7 1 2 3 9 12 13 16
835 835 2 2 17
836 836 2 2 6
837 837 5 2 4 5 13 16
838 838 4 6 9 14 18
839 839 5 1 2 6 7 13
840 840 3 8 11 16
841 841 2 3 9
842 842 6 4 6 7 13 15 18
843 843 5 4 8 11 16 18
844 844 7 2 3 7 11 14 15 17
845 845 2 5 15
846 846 3 5 14 15
847 847 4 4 8 9 15
848 848 4 1 3 11 16
849 849 3 5 11 14
850 850 6 5 6 8 15 16 17
851 851 4 5 6 9 10
852 852 7 1 4 5 6 12 16 18
853 853 4 2 4 17 18
854 854 7 1 2 4 5 10 14 17
855 855 6 1 8 12 13 15 18
856 856 3 6 7 17
857 857 5 1 4 5 8 14
858 858 6 3 4 6 9 13 18
859 859 7 6 7 9 10 13 15 16
860 860 7 3 4 8 11 13 15 18
861 861 2 15 18
862 862 3 9 15 17
863 863 6 2 3 7 9 16 18
864 864 3 8 11 17
865 865 7 3 7 8 9 10 12 16
866 866 5 4 15 16 17 18
867 867 5 2 12 13 16 18
868 868 6 2 3 7 8 14 15
869 869 5 8 11 12 17 18
870 870 4 6 9 12 14
871 871 2 10 17
872 872 6 1 5 6 8 9 17
873 873 3 3 8 14
874 874 4 1 4 7 8
875 875 5 1 6 11 13 14
876 876 5 7 9 14 16 17
877 877 5 3 5 8 11 17
878 878 4 5 8 9 10
879 879 5 6 8 12 14 15
880 880 4 3 7 12 17
881 881 5 2 6 10 13 14
882 882 3 3 7 13
883 883 3 1 9 12
884 884 2 7 9
885 885 6 5 7 8 11 17 18
886 886 6 3 8 11 14 17 18
887 887 6 3 4 11 13 14 16
888 888 6 2 8 9 11 15 16
889 889 2 10 17
890 890 2 7 13
891 891 6 5 6 7 9 10 13
892 892 5 1 6 8 14 17
893 893 2 8 14
894 894 4 1 4 12 15
895 895 5 5 6 8 11 13
896 896 7 4 9 11 13 15 16 18
897 897 6 3 6 8 9 16 18
898 898 7 3 5 10 12 14 16 17
899 899 5 8 9 12 13 15
900 900 5 3 9 10 11 18
901 901 6 1 4 5 15 17 18
902 902 5 2 5 7 10 14
903 903 3 12 16 17
904 904 6 3 4 10 14 15 17
905 905 2 5 17
906 906 7 1 3 4 7 12 17 18
907 907 7 1 3 6 7 9 13 14
908 908 6 1 6 7 10 11 16
909 909 2 6 10
910 910 4 4 7 8 9
911 911 6 3 6 7 9 16 18
912 912 6 4 6 12 16 17 18
913 913 5 8 9 13 14 16
914 914 2 1 5
915 915 2 5 9
916 916 2 10 17
917 917 4 1 6 8 18
918 918 7 3 4 6 10 12 13 17
919 919 3 3 10 15
920 920 7 8 9 11 13 14 15 17
921 921 3 2 9 13
922 922 6 2 4 10 12 13 15
923 923 2 12 17
924 924 2 16 18
925 925 3 6 8 10
926 926 3 2 4 7
927 927 3 3 7 8
928 928 6 2 5 8 11 17 18
929 929 7 1 4 5 7 13 17 18
930 930 5 5 7 8 11 12
931 931 3 5 8 10
932 932 2 8 15
933 933 3 1 12 17
934 934 3 1 12 16
935 935 6 1 4 8 9 11 13
936 936 5 5 8 12 15 18
937 937 7 2 4 6 9 11 15 16
938 938 6 2 3 5 6 9 15
939 939 7 1 2 5 9 11 12 14
940 940 7 3 4 5 12 14 17 18
941 941 3 12 17 18
942 942 5 1 2 4 6 7
943 943 3 4 12 16
944 944 3 1 13 17
945 945 4 3 7 9 17
946 946 3 9 12 16
947 947 3 2 9 11
948 948 4 2 8 10 15
949 949 5 5 9 10 14 18
950 950 4 3 5 6 10
951 951 6 3 6 7 8 11 12
952 952 6 6 8 14 15 16 18
953 953 5 1 2 6 9 14
954 954 3 13 15 18
955 955 7 2 5 7 12 13 17 18
956 956 7 4 6 7 9 11 14 18
957 957 6 3 4 5 8 10 18
958 958 5 1 2 6 9 11
959 959 2 4 8
960 960 3 11 12 18
961 961 6 1 4 6 7 9 13
962 962 2 15 18
963 963 3 7 12 16
964 964 5 4 5 9 14 16
965 965 2 4 18
966 966 3 2 3 16
967 967 6 1 3 4 7 13 15
968 968 5 2 8 12 13 16
969 969 4 5 10 11 15
970 970 5 4 7 8 10 12
971 971 7 1 3 5 8 10 12 13
972 972 3 3 9 13
973 973 5 3 8 12 15 17
974 974 5 6 7 12 15 18
975 975 5 3 6 10 12 17
976 976 2 1 13
977 977 5 2 4 6 11 15
978 978 2 14 18
979 979 3 1 3 9
980 980 7 2 5 8 10 14 16 17
981 981 2 3 9
982 982 2 3 16
983 983 6 4 5 7 10 16 18
984 984 7 2 5 6 7 12 14 18
985 985 4 1 6 7 17
986 986 2 2 4
987 987 3 8 10 13
988 988 3 1 5 13
989 989 7 5 7 8 11 12 15 18
990 990 2 12 14
991 991 7 5 8 10 12 14 16 18
992 992 3 11 14 15
993 993 4 4 13 16 18
994 994 5 5 10 12 13 18
995 995 3 11 13 16
996 996 2 1 17
997 997 6 2 3 4 15 16 17
998 998 2 1 3
999 999 4 1 5 12 17
1000 1000 7 2 3 5 6 9 13 17
