1 1 4 2 6 9 10
2 2 4 1 3 4 12
3 3 5 2 4 5 9 12
4 4 3 1 2 9
5 5 2 4 7
6 6 3 5 6 12
7 7 2 5 10
8 8 4 2 5 10 11
9 9 3 1 2 5
10 10 5 1 3 4 5 11
11 11 3 3 5 12
12 12 2 5 9
13 13 5 1 2 6 9 11
14 14 2 2 4
15 15 5 2 4 8 9 12
16 16 4 2 8 10 11
17 17 4 2 5 7 10
18 18 2 2 9
19 19 2 3 8
20 20 2 7 10
21 21 2 6 10
22 22 5 1 4 6 10 12
23 23 3 7 9 10
24 24 3 5 7 11
25 25 3 1 7 12
26 26 2 3 9
27 27 2 1 2
28 28 2 5 11
29 29 3 4 9 12
30 30 5 1 4 6 7 9
31 31 4 2 4 8 9
32 32 5 1 3 4 8 12
33 33 3 5 9 10
34 34 5 1 4 6 10 12
35 35 4 2 4 5 8
36 36 5 1 2 7 11 12
37 37 3 3 9 12
38 38 4 7 9 10 11
39 39 2 6 8
40 40 5 2 3 5 9 11
41 41 2 8 10
42 42 5 1 2 5 7 11
43 43 3 7 8 9
44 44 2 7 12
45 45 2 8 12
46 46 5 2 3 6 8 10
47 47 2 2 7
48 48 5 2 6 7 9 12
49 49 2 4 5
50 50 5 2 5 6 11 12
51 51 2 4 10
52 52 3 2 7 12
53 53 3 4 7 10
54 54 2 6 12
55 55 2 5 9
56 56 2 6 9
57 57 2 1 10
58 58 5 2 7 8 9 11
59 59 5 1 8 10 11 12
60 60 2 10 12
61 61 5 3 4 7 9 12
62 62 4 3 4 7 11
63 63 4 2 5 9 12
64 64 4 5 8 10 11
65 65 2 2 4
66 66 5 2 5 7 9 12
67 67 2 1 4
68 68 3 6 11 12
69 69 5 1 2 3 9 10
70 70 2 5 7
71 71 5 1 2 5 7 9
72 72 3 2 3 8
73 73 4 2 5 6 11
74 74 3 4 5 12
75 75 2 5 6
76 76 2 4 9
77 77 4 3 4 6 8
78 78 5 1 4 5 10 11
79 79 2 3 8
80 80 4 3 4 9 10
81 81 5 1 2 4 5 7
82 82 5 1 4 8 10 12
83 83 3 1 4 10
84 84 3 1 3 5
85 85 3 5 9 12
86 86 3 1 5 7
87 87 2 4 8
88 88 4 2 6 8 10
89 89 2 2 5
90 90 3 3 5 12
91 91 4 4 6 7 10
92 92 2 4 5
93 93 4 3 6 8 12
94 94 3 1 5 11
95 95 3 2 4 7
96 96 3 1 7 10
97 97 4 5 7 9 11
98 98 2 2 5
99 99 3 1 6 12
100 100 2 2 4
101 101 4 2 5 10 12
102 102 4 1 3 7 9
103 103 2 5 12
104 104 2 11 12
105 105 5 2 3 4 7 12
106 106 5 1 2 6 9 12
107 107 2 6 7
108 108 5 4 5 6 8 10
109 109 2 1 3
110 110 3 1 5 9
111 111 2 5 10
112 112 2 5 6
113 113 2 3 4
114 114 2 1 11
115 115 3 2 5 9
116 116 4 2 5 9 12
117 117 3 1 8 11
118 118 3 1 2 10
119 119 5 2 3 4 7 12
120 120 3 2 7 8
121 121 2 2 12
122 122 2 5 9
123 123 5 1 5 7 8 9
124 124 2 9 10
125 125 5 1 4 6 10 11
126 126 2 4 9
127 127 5 1 4 6 8 9
128 128 2 8 11
129 129 2 5 8
130 130 3 9 11 12
131 131 2 3 5
132 132 5 1 5 8 9 10
133 133 5 3 4 6 8 12
134 134 2 8 10
135 135 3 5 7 8
136 136 2 9 10
137 137 2 3 4
138 138 4 5 8 10 11
139 139 3 4 5 9
140 140 3 2 6 8
141 141 3 1 4 9
142 142 5 2 3 9 10 12
143 143 4 5 6 10 12
144 144 3 3 10 12
145 145 3 2 5 10
146 146 3 6 11 12
147 147 2 1 2
148 148 4 4 5 8 9
149 149 3 8 9 12
150 150 3 5 8 12
151 151 5 1 2 4 8 12
152 152 3 3 10 11
153 153 4 1 3 7 11
154 154 2 3 6
155 155 2 2 6
156 156 5 2 4 6 9 10
157 157 3 2 5 9
158 158 3 1 2 5
159 159 3 5 6 12
160 160 4 2 4 7 10
161 161 3 3 8 12
162 162 4 2 3 9 12
163 163 3 1 9 10
164 164 2 1 6
165 165 2 8 12
166 166 5 4 7 10 11 12
167 167 5 1 2 3 4 9
168 168 2 5 11
169 169 2 6 11
170 170 5 5 7 8 10 12
171 171 2 6 8
172 172 5 3 9 10 11 12
173 173 2 4 10
174 174 4 2 3 9 11
175 175 4 1 2 6 10
176 176 2 3 5
177 177 5 1 4 6 8 12
178 178 5 2 4 6 9 12
179 179 2 2 5
180 180 2 7 8
181 181 5 4 5 6 8 11
182 182 3 5 7 8
183 183 2 8 9
184 184 3 3 11 12
185 185 5 2 4 6 7 9
186 186 2 5 8
187 187 2 1 4
188 188 5 1 2 3 8 9
189 189 5 3 6 10 11 12
190 190 5 2 6 7 10 12
191 191 3 3 7 9
192 192 2 5 9
193 193 4 1 2 3 5
194 194 2 2 5
195 195 4 1 5 7 10
196 196 3 1 2 8
197 197 4 4 8 10 12
198 198 3 1 3 11
199 199 3 3 5 9
200 200 5 1 2 4 6 7
201 201 2 5 10
202 202 4 1 4 9 10
203 203 5 1 2 3 8 11
204 204 5 1 4 5 9 12
205 205 4 4 5 11 12
206 206 3 3 5 10
207 207 4 3 4 8 11
208 208 5 1 3 6 8 12
209 209 2 3 11
210 210 5 1 2 8 9 11
211 211 5 5 6 7 8 12
212 212 5 1 5 6 7 9
213 213 2 6 8
214 214 4 6 8 9 10
215 215 3 1 11 12
216 216 2 5 7
217 217 3 2 7 11
218 218 2 2 9
219 219 2 1 8
220 220 4 3 6 7 10
221 221 2 8 12
222 222 3 2 4 9
223 223 4 4 6 8 12
224 224 2 6 12
225 225 4 6 7 9 10
226 226 2 6 11
227 227 2 4 10
228 228 2 4 11
229 229 2 4 12
230 230 2 1 11
231 231 5 3 4 5 6 9
232 232 5 1 3 6 10 11
233 233 2 9 10
234 234 3 2 5 8
235 235 3 7 10 12
236 236 3 2 9 10
237 237 4 1 6 10 11
238 238 3 1 8 12
239 239 2 3 9
240 240 2 2 12
241 241 5 1 2 5 6 10
242 242 3 3 4 9
243 243 4 1 3 6 9
244 244 4 4 5 6 7
245 245 4 4 5 9 12
246 246 2 2 10
247 247 4 6 7 9 11
248 248 5 1 2 4 5 10
249 249 5 3 4 5 6 9
250 250 2 3 12
251 251 2 7 12
252 252 2 1 12
253 253 5 4 7 8 9 11
254 254 4 5 7 9 11
255 255 2 9 10
256 256 3 8 9 10
257 257 3 3 10 11
258 258 2 1 4
259 259 3 3 5 10
260 260 4 5 7 9 12
261 261 4 6 7 11 12
262 262 5 2 3 7 8 10
263 263 2 7 11
264 264 2 3 4
265 265 2 9 12
266 266 4 4 6 7 10
267 267 4 8 10 11 12
268 268 5 1 2 7 9 12
269 269 4 2 7 9 11
270 270 2 9 10
271 271 4 3 8 11 12
272 272 5 2 3 6 8 9
273 273 2 1 11
274 274 2 1 8
275 275 3 3 5 7
276 276 4 2 6 8 12
277 277 4 7 8 9 11
278 278 4 1 4 5 10
279 279 3 2 11 12
280 280 4 5 9 11 12
281 281 5 1 2 6 11 12
282 282 3 2 4 8
283 283 5 5 8 9 10 11
284 284 5 3 5 7 10 12
285 285 4 2 4 6 8
286 286 2 1 5
287 287 4 5 9 10 12
288 288 5 3 5 6 10 12
289 289 5 1 6 7 10 12
290 290 5 4 5 7 10 12
291 291 3 1 4 12
292 292 2 7 8
293 293 2 1 4
294 294 3 6 9 12
295 295 2 6 12
296 296 4 3 8 9 11
297 297 4 2 4 5 7
298 298 4 3 6 7 10
299 299 5 2 3 7 8 9
300 300 5 2 4 5 7 8
301 301 2 1 11
302 302 3 2 4 8
303 303 3 4 6 11
304 304 3 3 5 10
305 305 2 5 8
306 306 2 7 10
307 307 3 7 9 11
308 308 3 2 4 6
309 309 5 2 6 7 10 11
310 310 3 2 11 12
311 311 2 2 6
312 312 5 1 2 5 10 11
313 313 4 3 4 5 10
314 314 4 1 2 9 10
315 315 3 3 4 7
316 316 5 1 4 7 10 12
317 317 5 2 3 5 8 10
318 318 4 2 3 11 12
319 319 5 1 2 5 9 10
320 320 2 3 4
321 321 5 2 3 5 9 11
322 322 2 4 10
323 323 2 4 7
324 324 3 5 9 10
325 325 4 2 6 10 12
326 326 3 2 3 7
327 327 5 3 4 5 6 12
328 328 3 2 8 10
329 329 3 2 8 9
330 330 2 9 10
331 331 4 1 4 9 12
332 332 5 1 3 5 7 9
333 333 2 6 11
334 334 5 3 7 8 11 12
335 335 2 3 4
336 336 3 8 11 12
337 337 2 2 7
338 338 2 1 5
339 339 3 1 5 9
340 340 3 1 2 9
341 341 5 1 2 5 7 10
342 342 2 11 12
343 343 3 2 4 8
344 344 2 4 8
345 345 5 1 3 5 11 12
346 346 4 3 5 11 12
347 347 4 6 8 9 11
348 348 4 1 2 8 9
349 349 3 4 5 11
350 350 3 7 9 11
351 351 2 11 12
352 352 5 2 3 5 7 11
353 353 4 1 2 8 9
354 354 2 8 11
355 355 3 2 9 10
356 356 2 3 6
357 357 5 2 3 5 6 11
358 358 4 3 5 10 11
359 359 5 1 5 6 10 12
360 360 5 1 2 5 8 9
361 361 4 1 2 5 6
362 362 2 4 7
363 363 3 2 3 12
364 364 3 1 4 6
365 365 2 2 4
366 366 2 7 9
367 367 4 1 3 4 10
368 368 3 5 6 7
369 369 3 6 8 9
370 370 5 5 7 9 10 11
371 371 2 1 4
372 372 5 1 3 8 9 12
373 373 3 4 7 11
374 374 4 2 8 9 12
375 375 5 2 7 8 10 11
376 376 3 5 9 10
377 377 5 1 5 6 8 9
378 378 2 2 5
379 379 5 1 2 4 8 10
380 380 4 3 6 8 10
381 381 5 4 6 8 9 10
382 382 3 9 10 12
383 383 3 3 9 11
384 384 4 3 7 8 10
385 385 2 3 9
386 386 5 3 7 9 10 12
387 387 5 2 3 6 8 9
388 388 2 6 11
389 389 2 4 10
390 390 2 4 8
391 391 5 1 3 4 7 11
392 392 4 3 7 8 12
393 393 5 3 6 8 10 11
394 394 3 1 9 10
395 395 2 1 4
396 396 5 4 5 9 10 12
397 397 5 2 7 8 10 12
398 398 4 1 2 3 11
399 399 2 1 7
400 400 5 2 3 5 8 11
401 401 2 3 6
402 402 4 1 6 7 10
403 403 4 4 6 10 12
404 404 4 3 7 10 12
405 405 2 2 8
406 406 5 1 2 5 7 10
407 407 2 1 7
408 408 5 5 6 7 9 12
409 409 3 5 10 11
410 410 4 7 8 10 11
411 411 5 4 5 7 8 9
412 412 2 2 11
413 413 5 2 3 8 10 12
414 414 3 2 5 11
415 415 3 1 10 11
416 416 2 3 5
417 417 4 2 3 6 10
418 418 3 2 9 12
419 419 3 1 5 11
420 420 3 3 10 12
421 421 3 7 8 12
422 422 5 1 3 5 6 8
423 423 5 1 2 9 10 11
424 424 2 1 11
425 425 2 8 11
426 426 3 1 2 10
427 427 2 6 12
428 428 4 1 8 9 11
429 429 5 1 6 8 11 12
430 430 5 1 4 6 7 12
431 431 4 6 8 9 12
432 432 4 3 4 7 11
433 433 5 2 4 6 7 9
434 434 2 5 8
435 435 5 1 5 9 11 12
436 436 5 2 4 6 8 11
437 437 2 5 6
438 438 2 2 4
439 439 5 3 4 7 9 10
440 440 4 2 5 7 11
441 441 3 3 5 10
442 442 4 1 3 8 12
443 443 3 1 2 5
444 444 2 4 11
445 445 4 2 7 8 10
446 446 3 7 10 11
447 447 3 2 5 8
448 448 2 7 11
449 449 4 4 5 7 10
450 450 2 3 6
451 451 2 5 10
452 452 2 8 11
453 453 4 1 4 7 11
454 454 5 1 6 9 11 12
455 455 5 1 6 7 10 12
456 456 4 1 2 5 11
457 457 2 9 12
458 458 2 9 12
459 459 5 2 6 7 8 9
460 460 5 2 3 6 9 12
461 461 4 3 5 9 11
462 462 2 1 8
463 463 3 7 9 11
464 464 2 6 9
465 465 5 1 4 9 10 11
466 466 3 8 9 11
467 467 4 3 8 10 11
468 468 4 8 9 10 11
469 469 2 4 11
470 470 5 2 3 4 5 12
471 471 5 2 4 8 11 12
472 472 3 4 7 10
473 473 4 1 3 5 7
474 474 5 1 2 5 7 10
475 475 3 3 8 9
476 476 5 5 7 8 10 11
477 477 2 9 12
478 478 3 1 4 10
479 479 5 3 6 7 8 11
480 480 2 1 5
481 481 3 4 6 9
482 482 2 1 3
483 483 4 2 4 7 12
484 484 3 5 9 10
485 485 5 5 6 9 10 11
486 486 3 4 6 8
487 487 3 5 9 11
488 488 5 1 2 5 8 9
489 489 3 8 10 12
490 490 4 2 4 7 11
491 491 2 6 9
492 492 2 4 9
493 493 3 7 8 11
494 494 4 1 4 7 8
495 495 3 1 10 11
496 496 2 7 9
497 497 5 1 3 4 5 7
498 498 2 8 9
499 499 4 6 7 9 12
500 500 3 1 2 6
501 501 2 9 12
502 502 3 1 4 12
503 503 4 1 2 6 8
504 504 4 3 4 5 12
505 505 2 3 7
506 506 3 1 4 11
507 507 5 2 8 9 11 12
508 508 2 1 5
509 509 5 1 2 9 11 12
510 510 3 1 6 8
511 511 4 1 2 7 8
512 512 2 9 10
513 513 5 4 5 7 10 11
514 514 2 9 10
515 515 3 1 3 10
516 516 4 2 3 6 10
517 517 5 2 3 8 9 12
518 518 5 1 2 5 8 10
519 519 4 1 6 7 9
520 520 5 1 4 8 10 12
521 521 4 1 2 3 7
522 522 3 5 7 9
523 523 4 3 4 7 11
524 524 4 4 5 11 12
525 525 5 8 9 10 11 12
526 526 2 7 11
527 527 4 3 8 9 12
528 528 4 4 7 8 9
529 529 4 2 7 9 10
530 530 5 1 2 3 8 9
531 531 5 1 3 4 6 7
532 532 4 7 8 9 10
533 533 3 1 8 10
534 534 4 5 8 9 12
535 535 5 1 5 8 9 10
536 536 5 4 6 7 10 12
537 537 4 3 7 10 11
538 538 4 1 7 10 12
539 539 5 1 4 5 10 11
540 540 5 5 6 8 9 10
541 541 4 1 6 10 12
542 542 2 5 8
543 543 2 9 11
544 544 4 1 4 6 12
545 545 4 2 3 4 8
546 546 4 3 4 8 9
547 547 2 9 10
548 548 3 3 7 11
549 549 2 4 9
550 550 3 2 6 12
551 551 4 4 6 10 12
552 552 5 1 3 8 11 12
553 553 5 1 6 7 8 9
554 554 4 2 5 6 8
555 555 2 6 8
556 556 2 2 7
557 557 3 9 11 12
558 558 3 2 9 12
559 559 3 4 11 12
560 560 3 1 3 9
561 561 2 6 12
562 562 5 1 2 3 4 10
563 563 4 4 5 8 10
564 564 3 6 9 10
565 565 2 8 12
566 566 2 7 12
567 567 2 8 9
568 568 3 6 8 9
569 569 4 1 3 5 10
570 570 3 2 4 9
571 571 5 1 4 6 10 11
572 572 4 6 7 9 12
573 573 4 6 7 8 12
574 574 5 1 2 3 8 10
575 575 2 5 10
576 576 3 3 4 10
577 577 5 3 4 6 7 11
578 578 2 5 9
579 579 2 5 6
580 580 3 2 3 11
581 581 4 1 4 5 9
582 582 2 1 12
583 583 3 4 6 8
584 584 4 1 4 9 10
585 585 5 5 7 9 11 12
586 586 5 1 3 9 10 12
587 587 3 1 7 10
588 588 3 4 7 10
589 589 2 6 8
590 590 2 9 11
591 591 5 1 2 4 5 8
592 592 4 4 5 8 12
593 593 4 6 8 9 12
594 594 2 8 12
595 595 2 4 12
596 596 4 3 4 7 8
597 597 5 1 5 6 10 12
598 598 5 3 5 8 9 10
599 599 5 2 3 4 6 12
600 600 4 4 6 8 11
601 601 2 4 10
602 602 3 1 8 10
603 603 4 1 3 10 12
604 604 2 1 10
605 605 3 2 6 9
606 606 2 1 2
607 607 2 3 6
608 608 5 3 4 6 9 11
609 609 3 2 8 12
610 610 5 2 3 10 11 12
611 611 5 1 4 8 9 12
612 612 4 3 5 7 11
613 613 4 1 3 9 10
614 614 2 7 12
615 615 3 5 7 12
616 616 5 1 2 4 7 9
617 617 2 5 10
618 618 3 3 4 10
619 619 2 1 9
620 620 2 3 7
621 621 2 3 9
622 622 5 2 5 7 8 9
623 623 5 1 3 4 6 9
624 624 4 1 5 7 10
625 625 3 3 4 11
626 626 3 4 8 9
627 627 3 2 7 11
628 628 3 3 5 11
629 629 3 6 9 10
630 630 2 2 5
631 631 3 2 11 12
632 632 4 1 2 5 8
633 633 4 2 4 7 10
634 634 5 4 5 6 7 11
635 635 3 1 2 9
636 636 2 7 11
637 637 4 1 2 3 6
638 638 5 1 2 10 11 12
639 639 5 4 5 6 9 10
640 640 2 3 10
641 641 4 1 8 9 11
642 642 3 5 8 9
643 643 4 2 3 5 6
644 644 4 1 6 8 10
645 645 2 2 9
646 646 3 4 9 10
647 647 3 3 6 10
648 648 3 5 10 12
649 649 5 2 8 9 10 12
650 650 3 4 6 11
651 651 4 2 4 5 11
652 652 2 10 12
653 653 4 7 8 10 12
654 654 5 1 4 6 8 11
655 655 3 3 8 12
656 656 3 4 8 10
657 657 4 2 7 9 10
658 658 5 4 8 9 10 12
659 659 2 4 9
660 660 3 4 5 8
661 661 5 3 4 5 6 9
662 662 5 2 3 4 5 9
663 663 2 2 3
664 664 4 3 4 7 11
665 665 3 2 3 11
666 666 3 5 10 11
667 667 2 11 12
668 668 4 2 8 11 12
669 669 2 7 12
670 670 3 4 8 12
671 671 3 3 8 10
672 672 5 1 3 5 7 12
673 673 2 4 10
674 674 5 4 5 8 11 12
675 675 2 1 8
676 676 3 8 9 12
677 677 5 2 3 4 6 8
678 678 4 1 5 7 11
679 679 4 1 3 7 9
680 680 4 2 3 8 10
681 681 4 3 5 11 12
682 682 4 1 7 11 12
683 683 5 1 2 3 6 11
684 684 4 2 3 6 10
685 685 4 4 6 7 12
686 686 4 1 4 5 9
687 687 5 1 2 4 5 6
688 688 2 1 6
689 689 4 4 5 8 10
690 690 2 2 10
691 691 2 8 10
692 692 2 9 12
693 693 3 3 4 5
694 694 4 3 4 9 11
695 695 2 1 6
696 696 2 9 10
697 697 2 5 6
698 698 5 1 4 9 11 12
699 699 3 7 8 11
700 700 3 5 9 10
701 701 4 5 6 7 11
702 702 5 1 7 8 9 10
703 703 2 2 4
704 704 3 4 7 10
705 705 2 7 8
706 706 3 6 9 10
707 707 4 5 7 8 11
708 708 4 4 7 8 11
709 709 5 1 4 7 8 9
710 710 2 1 7
711 711 2 3 10
712 712 5 2 7 8 9 10
713 713 3 1 3 10
714 714 5 3 5 6 10 11
715 715 5 1 2 7 8 11
716 716 5 1 2 4 6 7
717 717 3 2 3 9
718 718 4 2 3 8 10
719 719 5 2 8 10 11 12
720 720 4 3 5 6 11
721 721 2 5 10
722 722 2 6 7
723 723 5 3 4 5 9 10
724 724 4 6 7 11 12
725 725 4 3 8 10 11
726 726 4 3 5 7 11
727 727 5 1 3 5 10 12
728 728 2 7 11
729 729 3 4 6 7
730 730 4 1 4 9 11
731 731 4 1 5 8 9
732 732 2 3 4
733 733 3 3 5 12
734 734 5 3 5 7 9 11
735 735 3 2 8 12
736 736 3 1 10 12
737 737 5 1 4 5 10 12
738 738 5 5 6 7 9 12
739 739 2 4 8
740 740 4 4 5 6 10
741 741 2 5 6
742 742 4 3 6 8 10
743 743 5 2 3 6 8 10
744 744 5 1 3 6 8 11
745 745 5 1 2 7 8 9
746 746 4 1 7 8 9
747 747 3 7 11 12
748 748 5 2 3 4 11 12
749 749 5 1 4 5 7 12
750 750 4 3 5 10 12
751 751 3 3 5 10
752 752 2 7 10
753 753 5 1 4 8 9 11
754 754 3 1 6 10
755 755 5 3 5 6 10 12
756 756 2 5 12
757 757 4 2 8 11 12
758 758 3 9 10 11
759 759 4 1 5 6 12
760 760 5 3 4 8 10 12
761 761 3 6 8 12
762 762 5 1 2 4 5 12
763 763 3 3 7 10
764 764 3 2 9 12
765 765 5 2 4 6 11 12
766 766 3 5 6 12
767 767 5 2 3 8 10 12
768 768 3 1 6 11
769 769 4 2 7 8 12
770 770 4 1 8 9 10
771 771 3 5 7 9
772 772 2 4 9
773 773 5 1 2 6 7 8
774 774 4 3 9 10 11
775 775 2 2 4
776 776 2 2 6
777 777 3 3 5 6
778 778 5 1 7 9 11 12
779 779 3 5 11 12
780 780 5 2 3 5 6 7
781 781 2 7 9
782 782 3 2 3 6
783 783 5 2 4 6 8 9
784 784 2 4 7
785 785 5 1 2 5 6 7
786 786 4 4 6 7 11
787 787 2 1 8
788 788 4 2 5 8 9
789 789 4 5 6 7 12
790 790 2 5 6
791 791 2 2 4
792 792 5 2 4 9 11 12
793 793 3 3 5 10
794 794 2 9 12
795 795 2 2 8
796 796 2 1 8
797 797 2 8 9
798 798 3 2 7 9
799 799 4 3 6 7 12
800 800 5 5 6 8 9 11
801 801 5 1 2 6 8 11
802 802 2 6 7
803 803 2 2 7
804 804 2 1 9
805 805 4 1 2 9 12
806 806 4 2 3 6 9
807 807 2 4 12
808 808 4 2 9 10 11
809 809 2 1 11
810 810 4 1 4 10 11
811 811 4 1 3 6 8
812 812 4 4 6 11 12
813 813 3 2 5 10
814 814 4 4 5 7 9
815 815 5 2 4 5 7 11
816 816 3 8 10 12
817 817 4 1 3 4 5
818 818 5 1 4 6 9 12
819 819 3 4 9 10
820 820 4 1 6 7 11
821 821 2 2 9
822 822 5 1 2 3 8 9
823 823 3 2 8 11
824 824 5 3 6 7 10 12
825 825 2 8 12
826 826 2 2 7
827 827 2 4 9
828 828 3 2 4 8
829 829 5 2 4 5 6 12
830 830 4 2 3 6 9
831 831 2 5 9
832 832 5 3 4 7 8 10
833 833 2 9 11
834 834 3 6 8 9
835 835 5 3 4 7 8 12
836 836 5 2 5 10 11 12
837 837 3 1 3 8
838 838 5 3 5 6 9 10
839 839 3 6 10 12
840 840 2 2 11
841 841 5 1 5 7 10 11
842 842 5 1 6 7 8 12
843 843 4 1 2 10 11
844 844 4 6 7 9 11
845 845 3 5 6 12
846 846 2 6 7
847 847 2 1 6
848 848 2 3 5
849 849 2 4 9
850 850 3 1 4 6
851 851 4 2 3 10 11
852 852 5 4 5 8 9 12
853 853 2 7 8
854 854 2 4 7
855 855 3 2 9 10
856 856 2 9 12
857 857 5 4 6 9 10 11
858 858 4 1 7 9 12
859 859 3 3 8 11
860 860 4 1 3 4 6
861 861 3 2 6 12
862 862 3 6 9 11
863 863 4 1 3 8 11
864 864 4 2 3 6 7
865 865 3 2 3 10
866 866 4 1 5 8 10
867 867 5 2 3 4 5 8
868 868 4 6 9 11 12
869 869 4 1 2 9 10
870 870 2 5 6
871 871 3 1 10 12
872 872 3 6 9 11
873 873 3 1 6 12
874 874 2 3 10
875 875 2 9 10
876 876 4 1 3 4 5
877 877 2 3 12
878 878 4 1 2 8 11
879 879 5 2 3 4 11 12
880 880 3 2 3 4
881 881 2 7 12
882 882 2 1 11
883 883 4 3 8 9 12
884 884 3 1 7 11
885 885 2 4 6
886 886 4 1 2 5 9
887 887 2 3 11
888 888 2 11 12
889 889 2 2 6
890 890 4 2 3 6 12
891 891 2 4 6
892 892 2 6 9
893 893 5 3 5 8 9 10
894 894 4 1 3 11 12
895 895 3 2 8 12
896 896 4 3 6 8 10
897 897 2 5 7
898 898 4 2 6 9 11
899 899 4 2 4 7 8
900 900 4 4 6 8 9
901 901 2 5 11
902 902 3 1 5 10
903 903 2 7 8
904 904 4 3 6 7 8
905 905 5 3 6 7 8 12
906 906 5 3 4 7 8 9
907 907 5 3 4 7 11 12
908 908 5 3 4 9 11 12
909 909 3 3 11 12
910 910 5 1 2 3 7 8
911 911 4 3 4 9 11
912 912 3 2 10 11
913 913 5 3 4 8 10 12
914 914 4 2 6 8 10
915 915 4 4 9 11 12
916 916 4 2 3 7 8
917 917 4 2 5 7 11
918 918 4 4 5 10 12
919 919 3 1 9 11
920 920 4 5 6 8 9
921 921 4 4 6 9 10
922 922 2 6 11
923 923 4 2 7 8 9
924 924 3 2 8 9
925 925 3 8 9 12
926 926 5 1 7 8 9 12
927 927 4 2 3 7 11
928 928 2 4 5
929 929 5 1 2 3 9 10
930 930 3 5 8 11
931 931 3 4 5 10
932 932 4 2 4 7 8
933 933 4 1 2 7 10
934 934 2 2 4
935 935 2 6 10
936 936 5 1 5 6 7 8
937 937 2 4 8
938 938 5 1 4 8 9 12
939 939 5 4 5 7 8 11
940 940 5 2 6 7 10 11
941 941 4 2 5 9 12
942 942 3 6 7 9
943 943 5 2 6 7 10 12
944 944 4 1 4 5 8
945 945 3 3 6 12
946 946 4 2 8 9 12
947 947 5 1 2 4 5 9
948 948 3 1 9 12
949 949 4 2 4 6 7
950 950 2 4 6
951 951 4 2 9 10 11
952 952 2 8 12
953 953 2 3 5
954 954 3 3 9 12
955 955 2 2 8
956 956 3 1 3 8
957 957 2 1 10
958 958 3 7 9 11
959 959 4 4 7 9 12
960 960 5 1 3 6 8 11
961 961 5 2 4 5 7 11
962 962 2 7 10
963 963 2 1 12
964 964 4 3 5 8 10
965 965 2 3 12
966 966 4 1 3 5 7
967 967 3 3 4 6
968 968 2 2 3
969 969 2 1 3
970 970 4 7 8 9 10
971 971 2 1 9
972 972 4 2 6 8 9
973 973 3 4 5 6
974 974 2 1 4
975 975 5 1 2 3 5 6
976 976 5 1 4 5 6 9
977 977 2 1 5
978 978 5 1 2 4 8 12
979 979 2 8 12
980 980 3 2 4 11
981 981 4 4 6 7 12
982 982 4 1 5 7 11
983 983 2 9 11
984 984 3 5 8 10
985 985 4 1 4 10 11
986 986 5 2 6 8 10 11
987 987 2 3 4
988 988 5 2 3 4 8 10
989 989 3 2 4 6
990 990 5 1 3 5 11 12
991 991 3 4 7 12
992 992 3 8 11 12
993 993 3 2 8 10
994 994 5 3 6 8 10 12
995 995 3 2 6 11
996 996 3 9 11 12
997 997 3 1 6 10
998 998 2 4 6
999 999 5 1 6 8 9 11
1000 1000 3 2 4 11
