1 1 3 3 7 8
2 2 3 2 5 6
3 3 2 6 7
4 4 4 3 4 5 7
5 5 2 4 8
6 6 4 1 2 7 9
7 7 3 1 7 10
8 8 3 4 7 8
9 9 4 4 5 6 9
10 10 4 2 7 9 10
11 11 4 3 6 8 9
12 12 2 2 4
13 13 3 7 8 9
14 14 3 3 5 6
15 15 2 6 9
16 16 3 3 4 6
17 17 2 3 8
18 18 4 1 4 8 9
19 19 2 3 5
20 20 4 4 5 8 9
21 21 3 1 4 9
22 22 3 1 2 9
23 23 2 5 7
24 24 3 2 3 8
25 25 2 1 5
26 26 4 2 3 6 9
27 27 3 3 8 9
28 28 4 3 4 6 9
29 29 3 4 8 10
30 30 4 3 8 9 10
31 31 2 2 4
32 32 4 1 6 9 10
33 33 3 1 4 9
34 34 4 2 3 4 7
35 35 2 2 7
36 36 3 4 6 9
37 37 3 3 7 8
38 38 4 3 6 9 10
39 39 3 4 6 7
40 40 2 5 6
41 41 3 3 7 9
42 42 3 3 7 10
43 43 2 5 9
44 44 4 4 5 8 10
45 45 3 1 3 10
46 46 3 4 8 9
47 47 3 5 8 9
48 48 2 6 10
49 49 2 3 7
50 50 2 6 9
51 51 2 9 10
52 52 4 2 5 7 10
53 53 4 1 5 7 8
54 54 3 6 8 10
55 55 4 3 4 7 8
56 56 4 1 2 3 7
57 57 3 1 2 10
58 58 3 1 3 8
59 59 3 2 8 9
60 60 3 3 7 10
61 61 2 3 7
62 62 4 2 4 5 10
63 63 3 4 7 9
64 64 3 1 8 10
65 65 3 3 4 7
66 66 2 3 6
67 67 4 3 5 8 9
68 68 3 1 4 9
69 69 2 4 10
70 70 4 2 4 6 8
71 71 2 1 5
72 72 2 2 10
73 73 4 1 5 7 10
74 74 4 1 5 6 9
75 75 2 3 9
76 76 4 4 8 9 10
77 77 4 1 6 7 8
78 78 4 2 7 9 10
79 79 4 3 6 7 10
80 80 3 6 8 9
81 81 2 3 10
82 82 3 2 6 8
83 83 4 1 3 4 10
84 84 4 1 4 6 7
85 85 3 2 3 9
86 86 2 1 4
87 87 3 1 7 9
88 88 2 8 9
89 89 4 1 4 7 8
90 90 4 1 7 9 10
91 91 3 2 5 8
92 92 2 7 10
93 93 2 2 8
94 94 4 2 5 6 8
95 95 4 1 2 3 6
96 96 3 2 6 8
97 97 3 3 8 10
98 98 2 2 7
99 99 2 1 4
100 100 3 5 7 9
101 101 3 1 2 5
102 102 2 5 8
103 103 2 1 4
104 104 4 3 7 8 9
105 105 4 2 3 7 8
106 106 4 2 3 7 10
107 107 2 3 6
108 108 3 4 5 10
109 109 2 7 9
110 110 4 2 3 4 5
111 111 3 5 8 10
112 112 4 2 5 9 10
113 113 4 4 6 8 10
114 114 4 2 4 5 10
115 115 3 4 5 7
116 116 2 2 9
117 117 4 3 4 5 8
118 118 3 1 2 6
119 119 2 1 6
120 120 4 1 3 4 5
121 121 4 1 2 7 9
122 122 2 2 10
123 123 3 3 4 8
124 124 2 2 5
125 125 3 2 3 8
126 126 2 3 8
127 127 3 1 9 10
128 128 4 3 4 5 8
129 129 2 1 5
130 130 3 1 5 7
131 131 2 4 7
132 132 2 2 4
133 133 2 1 5
134 134 4 4 6 9 10
135 135 4 1 2 3 8
136 136 2 6 8
137 137 3 3 5 6
138 138 2 6 8
139 139 4 2 3 4 7
140 140 2 5 6
141 141 3 1 4 6
142 142 2 7 10
143 143 3 1 7 10
144 144 2 6 7
145 145 2 1 5
146 146 4 1 3 4 10
147 147 3 2 8 9
148 148 4 1 6 9 10
149 149 3 4 5 6
150 150 2 1 9
151 151 2 1 2
152 152 2 8 10
153 153 2 1 5
154 154 2 1 10
155 155 2 9 10
156 156 3 1 3 6
157 157 3 3 4 5
158 158 2 6 10
159 159 3 6 8 9
160 160 3 3 7 9
161 161 3 2 9 10
162 162 3 1 5 8
163 163 2 9 10
164 164 2 2 4
165 165 4 4 6 9 10
166 166 3 1 4 5
167 167 3 1 4 6
168 168 2 2 9
169 169 3 2 3 8
170 170 2 1 8
171 171 3 1 7 10
172 172 4 4 6 7 10
173 173 4 5 6 8 9
174 174 2 6 9
175 175 2 3 8
176 176 4 2 3 4 7
177 177 2 8 10
178 178 3 4 6 7
179 179 4 1 2 8 9
180 180 4 1 3 4 8
181 181 2 6 9
182 182 3 3 5 8
183 183 4 1 2 9 10
184 184 2 4 6
185 185 4 5 6 8 10
186 186 2 2 8
187 187 3 3 6 7
188 188 4 1 2 8 10
189 189 2 6 7
190 190 3 2 3 10
191 191 4 1 7 8 10
192 192 2 3 8
193 193 2 3 9
194 194 2 6 7
195 195 3 3 6 9
196 196 4 5 6 7 8
197 197 4 2 6 8 10
198 198 3 1 7 8
199 199 3 4 7 9
200 200 2 5 7
201 201 4 3 6 8 10
202 202 4 1 3 9 10
203 203 4 1 2 4 5
204 204 3 8 9 10
205 205 3 5 8 9
206 206 4 2 3 5 8
207 207 2 1 5
208 208 3 3 5 10
209 209 3 6 9 10
210 210 2 4 8
211 211 2 4 7
212 212 4 1 5 6 9
213 213 2 6 9
214 214 2 2 10
215 215 2 1 7
216 216 4 1 6 8 9
217 217 3 4 5 6
218 218 3 3 8 10
219 219 2 4 8
220 220 4 3 4 6 8
221 221 4 1 7 8 10
222 222 4 1 2 5 9
223 223 4 3 5 6 7
224 224 2 1 6
225 225 4 2 3 7 9
226 226 3 6 7 10
227 227 3 3 9 10
228 228 2 7 9
229 229 3 4 8 10
230 230 3 2 3 10
231 231 4 2 3 6 10
232 232 3 1 2 9
233 233 4 1 4 5 10
234 234 2 2 8
235 235 3 3 4 8
236 236 4 3 5 7 8
237 237 4 2 5 8 9
238 238 3 3 5 10
239 239 4 1 4 6 10
240 240 3 1 3 7
241 241 3 5 9 10
242 242 3 4 7 10
243 243 3 3 5 7
244 244 2 2 3
245 245 3 3 7 9
246 246 4 1 6 9 10
247 247 4 4 7 9 10
248 248 4 1 6 8 10
249 249 3 3 4 9
250 250 3 1 2 8
251 251 2 1 7
252 252 3 4 6 7
253 253 3 4 8 10
254 254 3 8 9 10
255 255 2 4 10
256 256 4 1 4 7 9
257 257 4 2 7 8 10
258 258 4 3 4 5 8
259 259 3 1 4 5
260 260 4 3 6 8 9
261 261 4 1 4 6 8
262 262 2 2 5
263 263 2 3 5
264 264 3 1 3 6
265 265 4 4 5 8 9
266 266 3 1 3 10
267 267 3 1 2 6
268 268 3 3 8 9
269 269 3 6 8 10
270 270 3 1 2 8
271 271 4 1 3 8 10
272 272 3 2 3 8
273 273 2 5 9
274 274 3 2 7 8
275 275 4 2 3 7 10
276 276 3 1 3 8
277 277 3 3 4 8
278 278 4 5 6 7 10
279 279 3 2 4 6
280 280 3 2 7 9
281 281 4 2 3 5 7
282 282 3 3 4 6
283 283 3 2 3 9
284 284 2 3 9
285 285 3 1 3 10
286 286 2 5 8
287 287 2 4 10
288 288 3 2 7 8
289 289 4 2 4 6 8
290 290 4 1 2 8 9
291 291 4 1 4 5 9
292 292 4 2 3 5 8
293 293 4 4 8 9 10
294 294 2 1 9
295 295 3 3 9 10
296 296 3 3 4 7
297 297 2 3 4
298 298 4 5 6 7 9
299 299 2 8 10
300 300 2 5 9
301 301 3 3 7 9
302 302 3 1 6 7
303 303 4 1 3 8 10
304 304 4 2 8 9 10
305 305 3 6 7 10
306 306 4 1 3 6 9
307 307 4 1 7 8 9
308 308 4 2 3 7 8
309 309 2 5 6
310 310 4 3 7 8 9
311 311 3 2 3 10
312 312 4 2 4 6 7
313 313 4 3 6 7 8
314 314 4 2 3 4 7
315 315 2 1 5
316 316 4 1 3 4 10
317 317 4 1 4 5 6
318 318 4 2 4 5 7
319 319 4 1 3 5 10
320 320 4 4 6 7 10
321 321 2 7 9
322 322 2 4 10
323 323 2 3 9
324 324 2 5 9
325 325 4 3 7 8 9
326 326 4 2 5 7 10
327 327 3 3 5 7
328 328 3 4 6 8
329 329 3 1 7 9
330 330 4 2 6 8 9
331 331 4 1 5 8 9
332 332 3 2 6 8
333 333 3 1 7 10
334 334 2 1 7
335 335 4 2 7 8 9
336 336 3 1 4 9
337 337 3 1 6 9
338 338 3 2 7 8
339 339 3 3 7 10
340 340 3 3 6 7
341 341 4 3 4 6 9
342 342 4 2 4 7 8
343 343 2 3 10
344 344 4 1 2 3 10
345 345 2 7 8
346 346 4 4 6 7 9
347 347 4 3 6 8 10
348 348 4 2 5 7 10
349 349 2 2 3
350 350 3 8 9 10
351 351 4 1 4 7 8
352 352 4 7 8 9 10
353 353 2 3 6
354 354 2 4 9
355 355 4 1 4 7 9
356 356 4 4 5 8 10
357 357 2 5 8
358 358 4 1 3 5 9
359 359 2 1 4
360 360 2 7 8
361 361 3 4 6 9
362 362 4 1 2 4 9
363 363 4 1 8 9 10
364 364 3 2 3 7
365 365 3 1 8 9
366 366 3 3 4 10
367 367 4 4 5 8 9
368 368 2 2 8
369 369 2 5 10
370 370 2 6 8
371 371 4 2 3 8 9
372 372 4 4 7 8 9
373 373 4 3 4 6 7
374 374 4 1 4 5 7
375 375 3 3 5 8
376 376 3 1 9 10
377 377 4 2 4 7 8
378 378 4 1 2 3 10
379 379 4 3 6 7 10
380 380 2 2 7
381 381 4 1 2 6 7
382 382 4 2 4 5 7
383 383 2 4 10
384 384 3 1 4 10
385 385 3 5 6 8
386 386 2 1 10
387 387 3 6 8 10
388 388 4 4 5 7 8
389 389 4 2 4 6 9
390 390 2 4 7
391 391 2 5 8
392 392 2 4 5
393 393 2 3 6
394 394 2 4 10
395 395 3 4 5 9
396 396 3 4 8 10
397 397 3 2 5 6
398 398 3 5 6 9
399 399 2 3 5
400 400 4 1 3 5 10
401 401 3 5 6 7
402 402 4 2 6 7 10
403 403 4 2 4 7 8
404 404 3 1 2 10
405 405 2 1 6
406 406 4 1 2 6 9
407 407 4 2 5 7 9
408 408 2 1 10
409 409 3 3 4 5
410 410 3 5 7 8
411 411 2 2 4
412 412 4 3 5 8 9
413 413 4 2 4 9 10
414 414 2 1 4
415 415 3 3 5 8
416 416 3 1 4 6
417 417 4 2 4 8 9
418 418 2 7 8
419 419 4 2 3 8 9
420 420 2 3 8
421 421 4 2 4 5 6
422 422 4 6 7 8 9
423 423 3 4 5 7
424 424 2 7 8
425 425 2 3 9
426 426 3 7 8 10
427 427 2 5 8
428 428 4 1 2 6 9
429 429 3 7 8 10
430 430 3 4 6 9
431 431 4 1 5 8 9
432 432 4 4 6 8 10
433 433 2 4 8
434 434 3 4 5 9
435 435 2 6 7
436 436 3 2 6 9
437 437 3 2 3 5
438 438 3 6 8 9
439 439 2 1 7
440 440 2 2 7
441 441 4 1 3 8 9
442 442 2 1 4
443 443 4 2 5 7 9
444 444 3 5 7 8
445 445 4 3 6 7 10
446 446 4 2 5 7 10
447 447 3 6 8 10
448 448 4 2 3 9 10
449 449 3 3 5 8
450 450 4 5 6 8 9
451 451 2 4 8
452 452 2 1 6
453 453 2 1 9
454 454 3 1 2 9
455 455 4 1 3 6 10
456 456 3 3 6 7
457 457 2 3 7
458 458 2 7 8
459 459 2 1 6
460 460 4 3 4 8 9
461 461 3 2 4 10
462 462 2 2 4
463 463 2 1 5
464 464 2 2 10
465 465 4 3 4 5 8
466 466 4 1 2 9 10
467 467 4 4 8 9 10
468 468 2 4 5
469 469 4 5 6 8 10
470 470 4 4 8 9 10
471 471 3 6 7 8
472 472 3 4 6 10
473 473 2 3 5
474 474 2 2 5
475 475 3 1 7 10
476 476 3 4 7 10
477 477 2 2 9
478 478 3 4 6 8
479 479 2 6 7
480 480 3 4 5 6
481 481 2 5 6
482 482 3 4 7 10
483 483 4 2 3 7 9
484 484 4 1 2 8 10
485 485 2 3 5
486 486 3 2 7 10
487 487 4 3 7 8 9
488 488 2 2 10
489 489 3 3 7 8
490 490 2 1 10
491 491 2 4 5
492 492 2 4 5
493 493 4 3 4 7 8
494 494 3 1 9 10
495 495 4 3 6 7 8
496 496 4 2 4 6 10
497 497 3 2 7 8
498 498 4 4 6 8 9
499 499 3 4 6 9
500 500 3 1 2 8
501 501 4 1 4 5 10
502 502 2 1 10
503 503 2 7 8
504 504 3 6 7 10
505 505 3 2 6 7
506 506 4 3 4 9 10
507 507 2 1 5
508 508 4 3 5 6 10
509 509 3 4 6 8
510 510 3 4 6 8
511 511 4 3 4 5 8
512 512 4 1 2 4 5
513 513 4 2 5 8 9
514 514 2 6 8
515 515 4 1 3 4 5
516 516 4 5 6 8 10
517 517 4 2 3 8 9
518 518 3 1 5 7
519 519 2 1 3
520 520 3 4 5 7
521 521 2 1 9
522 522 4 4 6 7 8
523 523 2 2 3
524 524 4 1 4 7 10
525 525 4 1 2 9 10
526 526 4 1 2 4 6
527 527 4 2 4 6 9
528 528 3 2 6 8
529 529 4 4 5 6 7
530 530 4 2 3 7 10
531 531 2 8 10
532 532 3 1 4 8
533 533 2 1 4
534 534 3 1 2 10
535 535 4 2 3 4 8
536 536 3 1 2 4
537 537 2 1 7
538 538 3 5 7 9
539 539 4 3 6 7 10
540 540 2 6 8
541 541 4 1 4 8 9
542 542 4 5 6 7 8
543 543 4 4 5 6 8
544 544 3 5 6 9
545 545 3 4 8 10
546 546 4 1 2 7 8
547 547 3 4 5 8
548 548 2 7 8
549 549 4 2 4 6 10
550 550 3 4 6 8
551 551 3 2 5 8
552 552 4 3 4 5 6
553 553 3 2 8 9
554 554 2 4 8
555 555 3 4 6 8
556 556 4 3 5 7 9
557 557 3 3 9 10
558 558 2 1 3
559 559 4 2 5 6 8
560 560 2 5 9
561 561 2 1 8
562 562 4 3 4 9 10
563 563 4 7 8 9 10
564 564 4 1 8 9 10
565 565 3 4 8 10
566 566 2 6 7
567 567 3 1 4 6
568 568 3 1 2 10
569 569 4 3 7 9 10
570 570 4 3 6 8 10
571 571 4 3 7 8 9
572 572 4 1 6 8 9
573 573 2 3 10
574 574 4 2 4 5 10
575 575 4 1 2 7 10
576 576 2 1 5
577 577 2 7 9
578 578 2 1 4
579 579 2 8 10
580 580 2 1 9
581 581 3 2 5 10
582 582 4 3 6 8 10
583 583 4 3 4 7 8
584 584 4 2 5 8 9
585 585 4 1 7 9 10
586 586 3 1 8 9
587 587 2 5 9
588 588 4 1 2 4 8
589 589 3 3 5 8
590 590 4 1 3 5 8
591 591 2 5 6
592 592 4 2 3 4 9
593 593 2 1 3
594 594 4 3 6 7 9
595 595 4 1 6 8 9
596 596 3 2 8 10
597 597 4 2 7 8 10
598 598 4 4 6 9 10
599 599 3 4 6 10
600 600 2 3 9
601 601 2 2 4
602 602 2 1 6
603 603 4 2 5 8 9
604 604 3 5 6 7
605 605 2 5 10
606 606 3 3 7 8
607 607 2 2 6
608 608 2 3 10
609 609 4 1 3 7 8
610 610 2 1 4
611 611 2 8 9
612 612 4 2 4 5 9
613 613 4 4 5 7 10
614 614 3 1 6 10
615 615 4 4 5 6 8
616 616 4 1 4 6 10
617 617 4 1 3 6 9
618 618 3 2 3 4
619 619 4 1 3 7 10
620 620 3 1 2 4
621 621 3 1 3 6
622 622 3 4 5 10
623 623 2 6 7
624 624 2 3 4
625 625 2 1 10
626 626 2 1 2
627 627 2 3 8
628 628 4 1 2 3 7
629 629 4 3 4 6 7
630 630 3 2 9 10
631 631 2 4 10
632 632 4 1 6 7 8
633 633 3 3 5 6
634 634 4 2 3 8 9
635 635 2 2 8
636 636 3 1 3 8
637 637 4 3 4 6 10
638 638 2 6 10
639 639 3 1 8 10
640 640 3 4 7 9
641 641 4 4 5 7 8
642 642 2 1 3
643 643 2 3 10
644 644 3 1 3 10
645 645 3 7 9 10
646 646 3 1 8 10
647 647 4 1 2 4 5
648 648 3 2 3 9
649 649 2 7 8
650 650 2 1 6
651 651 3 4 8 10
652 652 3 2 5 6
653 653 3 1 4 5
654 654 3 1 5 8
655 655 2 6 8
656 656 4 1 4 6 10
657 657 4 4 5 6 10
658 658 3 1 3 8
659 659 4 2 4 8 9
660 660 3 1 2 10
661 661 3 2 5 8
662 662 4 1 2 5 9
663 663 3 1 7 9
664 664 3 2 3 5
665 665 2 3 10
666 666 3 3 9 10
667 667 4 2 7 9 10
668 668 2 3 7
669 669 2 4 7
670 670 4 2 4 5 10
671 671 4 4 5 8 10
672 672 3 1 2 10
673 673 3 3 9 10
674 674 2 5 8
675 675 2 3 8
676 676 2 1 4
677 677 3 1 7 9
678 678 2 3 6
679 679 2 5 9
680 680 4 2 4 6 7
681 681 4 4 7 8 9
682 682 2 2 3
683 683 4 1 2 6 7
684 684 4 5 6 7 9
685 685 4 2 4 6 10
686 686 3 3 7 8
687 687 3 4 8 10
688 688 2 4 8
689 689 2 6 7
690 690 2 3 7
691 691 3 7 9 10
692 692 3 1 3 5
693 693 3 2 3 8
694 694 4 1 3 5 6
695 695 2 6 7
696 696 2 3 5
697 697 4 1 4 6 7
698 698 3 2 5 7
699 699 3 3 4 5
700 700 3 6 8 9
701 701 2 5 9
702 702 4 2 4 5 7
703 703 4 1 5 8 9
704 704 4 2 5 7 10
705 705 3 1 5 7
706 706 4 2 6 7 8
707 707 3 1 6 7
708 708 2 9 10
709 709 3 1 2 9
710 710 3 2 3 7
711 711 2 4 8
712 712 3 1 3 7
713 713 4 3 6 9 10
714 714 3 1 2 4
715 715 4 1 3 4 6
716 716 2 8 10
717 717 2 1 4
718 718 4 2 8 9 10
719 719 4 2 5 7 9
720 720 4 5 6 8 9
721 721 4 3 4 5 7
722 722 4 2 4 8 9
723 723 4 2 5 8 10
724 724 4 1 2 8 10
725 725 4 3 5 7 9
726 726 2 4 9
727 727 2 7 9
728 728 3 4 8 10
729 729 4 2 3 5 9
730 730 4 3 7 8 10
731 731 3 3 6 10
732 732 2 3 7
733 733 4 3 6 9 10
734 734 4 1 3 4 10
735 735 4 3 5 6 9
736 736 3 1 4 5
737 737 2 1 6
738 738 2 3 6
739 739 3 4 7 9
740 740 3 5 7 10
741 741 4 2 3 4 10
742 742 4 1 2 3 8
743 743 3 5 6 8
744 744 3 5 6 7
745 745 3 1 5 10
746 746 4 3 4 5 9
747 747 2 4 9
748 748 3 3 5 9
749 749 2 7 8
750 750 2 3 5
751 751 4 3 4 7 10
752 752 4 5 6 8 10
753 753 2 1 7
754 754 3 3 5 9
755 755 4 1 2 8 10
756 756 2 3 7
757 757 4 3 4 6 8
758 758 3 3 7 9
759 759 4 3 4 6 7
760 760 3 1 7 8
761 761 4 4 5 7 9
762 762 4 3 5 6 8
763 763 4 3 6 7 10
764 764 4 1 2 7 9
765 765 4 4 5 6 7
766 766 2 4 5
767 767 4 1 2 9 10
768 768 4 6 8 9 10
769 769 2 5 7
770 770 2 7 10
771 771 4 1 8 9 10
772 772 3 2 4 7
773 773 3 2 7 9
774 774 3 1 3 5
775 775 4 7 8 9 10
776 776 2 5 10
777 777 3 2 4 7
778 778 2 1 2
779 779 4 1 2 5 6
780 780 2 7 9
781 781 2 1 6
782 782 4 1 5 7 10
783 783 4 5 6 8 9
784 784 2 2 3
785 785 3 4 8 9
786 786 4 2 3 5 6
787 787 3 3 4 10
788 788 3 1 3 7
789 789 2 2 6
790 790 3 1 7 10
791 791 2 5 8
792 792 3 4 5 10
793 793 4 3 5 6 7
794 794 3 4 6 9
795 795 3 3 4 10
796 796 4 1 6 8 9
797 797 3 1 4 8
798 798 3 7 8 9
799 799 2 5 8
800 800 3 1 3 10
801 801 3 2 3 7
802 802 4 1 2 5 8
803 803 3 1 9 10
804 804 4 1 2 3 4
805 805 2 1 3
806 806 2 9 10
807 807 4 6 7 9 10
808 808 2 4 10
809 809 4 3 5 6 8
810 810 2 2 9
811 811 4 2 4 7 9
812 812 3 2 4 5
813 813 3 2 5 6
814 814 3 1 5 8
815 815 3 1 5 7
816 816 4 1 5 6 9
817 817 4 1 6 7 8
818 818 2 6 10
819 819 2 8 10
820 820 2 8 9
821 821 4 3 5 8 9
822 822 3 3 4 7
823 823 2 2 3
824 824 2 5 8
825 825 2 7 9
826 826 2 4 8
827 827 3 3 7 10
828 828 4 2 5 6 10
829 829 4 3 4 8 10
830 830 4 4 7 8 10
831 831 3 7 8 9
832 832 4 1 3 5 9
833 833 3 1 5 9
834 834 3 2 4 10
835 835 4 4 6 9 10
836 836 3 4 8 10
837 837 2 2 3
838 838 4 5 6 8 10
839 839 3 2 5 10
840 840 4 1 2 9 10
841 841 2 1 5
842 842 4 3 5 7 8
843 843 3 5 7 8
844 844 2 6 8
845 845 3 2 3 10
846 846 3 2 4 10
847 847 4 1 2 4 7
848 848 2 4 5
849 849 2 8 10
850 850 3 3 5 10
851 851 3 2 4 8
852 852 4 3 4 5 7
853 853 3 3 5 7
854 854 4 3 4 8 9
855 855 3 1 3 8
856 856 4 1 3 5 6
857 857 4 2 4 9 10
858 858 4 3 4 6 7
859 859 3 5 6 7
860 860 4 2 6 7 8
861 861 4 2 5 6 8
862 862 2 2 10
863 863 2 2 10
864 864 3 4 7 8
865 865 3 2 4 7
866 866 3 1 2 5
867 867 2 1 5
868 868 2 2 6
869 869 2 3 7
870 870 2 5 6
871 871 4 4 7 8 9
872 872 3 1 3 9
873 873 4 1 2 5 6
874 874 2 3 5
875 875 2 5 10
876 876 2 4 8
877 877 3 1 3 4
878 878 2 8 10
879 879 3 3 7 8
880 880 2 7 8
881 881 2 3 4
882 882 4 2 4 5 6
883 883 2 1 5
884 884 3 4 9 10
885 885 4 3 4 9 10
886 886 3 1 9 10
887 887 3 1 9 10
888 888 3 2 4 6
889 889 3 2 5 8
890 890 3 5 7 10
891 891 3 2 3 7
892 892 4 5 6 7 8
893 893 4 5 6 8 10
894 894 2 2 8
895 895 2 6 8
896 896 4 4 5 7 8
897 897 3 1 4 10
898 898 4 2 4 5 7
899 899 3 5 6 7
900 900 4 4 5 9 10
901 901 2 2 4
902 902 4 1 2 4 7
903 903 2 3 9
904 904 2 4 10
905 905 2 6 10
906 906 4 1 4 5 6
907 907 3 7 8 9
908 908 2 6 8
909 909 3 1 5 6
910 910 4 3 5 8 10
911 911 4 2 3 4 10
912 912 4 2 3 7 9
913 913 4 3 6 7 8
914 914 4 2 4 9 10
915 915 2 7 8
916 916 4 3 6 7 10
917 917 3 3 5 9
918 918 3 1 2 4
919 919 3 1 3 4
920 920 4 1 3 4 6
921 921 4 1 2 5 10
922 922 2 5 8
923 923 3 4 6 8
924 924 2 5 9
925 925 3 2 3 7
926 926 2 3 6
927 927 3 2 7 9
928 928 2 1 5
929 929 3 4 8 9
930 930 2 6 9
931 931 4 2 3 7 10
932 932 2 3 6
933 933 2 6 8
934 934 4 4 8 9 10
935 935 2 5 8
936 936 2 4 6
937 937 4 3 4 7 9
938 938 4 1 4 5 8
939 939 4 1 5 7 9
940 940 3 3 5 9
941 941 2 2 7
942 942 3 2 5 6
943 943 4 3 7 9 10
944 944 4 2 5 6 8
945 945 3 3 6 10
946 946 3 2 3 5
947 947 2 1 6
948 948 4 2 3 6 7
949 949 3 2 4 5
950 950 4 5 6 7 8
951 951 2 2 9
952 952 2 4 9
953 953 2 4 8
954 954 2 5 10
955 955 4 5 6 7 8
956 956 4 2 3 6 8
957 957 2 6 7
958 958 2 3 5
959 959 4 2 4 7 10
960 960 3 7 8 10
961 961 4 2 3 5 9
962 962 3 5 6 9
963 963 2 4 10
964 964 4 4 5 9 10
965 965 4 2 3 7 9
966 966 3 1 6 9
967 967 2 5 6
968 968 2 6 10
969 969 4 2 3 5 8
970 970 4 2 6 9 10
971 971 2 4 5
972 972 3 2 4 7
973 973 2 5 6
974 974 4 1 8 9 10
975 975 3 1 8 9
976 976 3 3 4 6
977 977 2 5 6
978 978 4 2 3 8 10
979 979 3 4 6 10
980 980 4 1 2 3 6
981 981 2 7 8
982 982 3 2 5 8
983 983 3 3 5 8
984 984 3 4 5 9
985 985 4 2 3 7 10
986 986 3 4 5 7
987 987 4 2 5 8 9
988 988 4 1 2 6 10
989 989 3 1 7 10
990 990 2 6 8
991 991 3 3 4 8
992 992 4 4 5 8 10
993 993 4 1 2 4 10
994 994 4 1 2 9 10
995 995 3 7 9 10
996 996 4 3 4 6 8
997 997 3 3 5 9
998 998 4 3 4 5 7
999 999 3 1 2 4
1000 1000 2 2 10
